-160
6063
4114
1877
716
-6338
-5463
-2196
9111
4823
-4094
-8241
2544
-3451
-2501
-1276
5161
-4440
5798
8162
-7195
-924
4940
3033
-2518
-8077
4500
1080
8467
8436
5308
3844
6869
-9518
1367
2000
-9367
1410
-6059
4394
7769
9740
2458
-7460
-3005
-3779
-3848
-7647
-2905
3118
217
553
8882
-4405
-9292
4437
-2963
1652
3597
-9395
2980
-760
5050
-9240
4466
7057
2445
823
2826
8943
-1445
-6602
4519
902
4991
3022
-9879
-5514
-4795
-1409
-9077
575
-7746
8111
964
-6405
-8049
7064
658
-2246
-1784
3688
-2924
4106
-5872
-8097
-4491
79
9557
-4190
7095
-8435
-5759
-1553
8120
1735
3812
-8134
-1987
473
-4554
5641
-4904
-6359
9771
6528
1852
2346
6060
-6690
4752
8957
-1072
-2288
7624
-1160
-3574
4811
-7924
4606
1840
4526
-6307
3102
-5543
-500
-1506
4513
8195
4132
586
7572
1199
-5513
-1001
-4723
-5562
9499
9341
-8561
-7279
119
4244
9957
7777
-5021
-4521
5948
-314
-1356
-9840
689
385
1679
-6332
754
906
523
-7319
5851
-7352
-435
-6844
-448
-7775
-2180
-9844
2440
9267
8265
9058
-1846
-2939
-851
1032
-594
-2946
3509
-433
3239
9909
-4394
9372
-7379
-1749
1181
4187
-5033
9172
-7836
-4200
7190
-1812
-4093
3029
1672
614
3964
-3559
-2185
-8881
-3834
2291
-181
-2212
1956
-2557
2910
-6934
2840
-4036
-2552
-9255
-2629
-2353
-6831
-4514
3190
-1134
4295
-627
-568
-2998
289
-1395
-2806
-8926
-3206
-7324
5798
-6719
-3442
8235
-1805
-1174
-8824
340
-9834
-5308
1005
4906
-5172
1981
2846
7892
-3492
956
-7187
-853
6169
3114
-4741
-8198
-5636
-9569
-2287
-8265
7056
-1688
6500
-4159
-5312
-4135
-1965
2743
5545
-5229
6746
-4975
-9346
-3661
2151
-1782
-546
5245
4850
-1516
-7091
-1993
-6015
8319
3930
-5549
7218
7573
-6288
1178
8316
-4273
7017
-2504
-2803
-9450
-590
-3651
2555
-1812
-4840
-4606
8186
171
-4286
-3254
722
-6025
-4386
-2223
8642
5494
-4785
-43
-9692
4134
7688
7851
2222
-5739
1611
-3764
-2264
-9685
-200
9691
-8758
7154
-9926
6066
-6888
-7952
-5711
2956
-3341
-9735
8240
-5468
-9
-7759
6931
-4916
-7225
-2880
7238
-4884
-9167
4793
-6890
6065
-115
-3448
-2745
466
-6121
3089
-2376
5858
3046
7799
7052
2731
2124
-6750
-9968
9535
-9805
9104
-8102
-8968
120
944
-7456
228
7798
-8815
-611
-1344
9279
5584
-7630
-5039
-2758
-8114
7581
-2456
-2591
755
-4493
-6563
188
-6668
-5098
2649
3170
4696
3897
-5132
6052
7930
6309
-6246
-8853
9644
2924
-7080
-147
4531
5107
7317
-1733
3899
-8805
3853
-6383
-8901
4931
-4078
-2763
5419
9565
7928
9535
-4811
1297
-2080
7727
-9224
-8658
9178
8081
8584
7213
4836
-9024
8303
658
3595
-697
7412
2279
-887
8565
9259
-9083
-9173
481
4071
9742
-213
-8993
-4155
312
9470
8347
-7711
946
-1350
6909
9894
6337
1004
-910
-8355
-8345
-5500
8364
-8945
6264
-7507
-5661
2887
-331
-1960
-6680
-1673
-4476
-6914
-3681
-9632
-1790
5014
-9415
-6271
964
4429
396
-7067
4525
154
-1793
-8020
-9098
-9962
-1792
9579
8159
-485
-9091
4980
8981
-6252
9593
-8781
8345
3785
-2699
-5065
3714
2271
6493
-5112
-5025
127
-7451
-5030
-9263
-8026
-2923
1695
-7402
-4836
-2773
1020
9672
4955
3246
4878
-8104
6650
-1959
3860
2576
4466
9749
-732
-1900
6429
-8866
-4903
5939
4794
8103
8505
-9208
-7746
-6325
5936
-6850
-4334
3522
-8685
-5453
-8960
-5575
2562
9433
6242
-1941
-6794
4871
1130
-995
6965
6146
-1199
8164
-5118
-1116
6159
-9457
-2969
6462
7178
-147
-6288
5206
-1916
-8572
4735
-674
31
9713
-401
-7506
-8030
-3149
-3752
3685
-5966
4916
-8450
1092
96
-4146
2811
9912
7051
474
6295
7226
-2032
584
-3820
-9596
6380
-3087
-4730
-5770
-177
9447
7485
-3714
-7850
6593
-8690
-9769
6183
-5120
-6674
2185
947
1854
-8645
-3255
-8940
-8562
-2065
6026
-274
3210
6522
-2343
1371
4889
5228
-4200
5127
-9218
-4151
3022
6154
8034
-416
262
8240
7186
5063
7141
-1847
-6043
-826
5504
9904
5050
-3325
5376
-4636
2386
-9337
4369
-3362
-2588
2751
-855
-4895
-102
-877
-9360
-7750
-5846
-3330
3555
-1809
-354
-8022
-5016
5227
-7300
5217
-2875
5807
-8670
815
4571
-3028
-3824
7313
-1941
-3364
-2899
9880
-6648
983
-2759
-9262
-3489
-3163
-5896
5097
-5068
8012
-9225
3157
-2700
438
9380
2433
-5006
-2659
3652
-1225
-7468
2731
-2205
-559
5229
-805
-5227
6971
8579
-5755
-1256
-1204
5718
-1584
3593
-5794
-3141
7877
-7713
-2321
7743
-5558
-9687
-4426
2898
-3253
458
1800
-6062
-2309
-4030
-2725
-6919
5380
4426
7928
-2218
7422
-4399
-3612
3601
1761
-6774
3724
9342
1145
2710
9233
1005
2873
4753
-1277
-749
-9333
8219
4675
8836
-8730
4724
5288
-2132
4848
2116
3685
-213
5281
-5682
-6641
-8450
4139
-8986
-8509
-2149
-9589
2193
7839
3029
-3001
9799
-6353
-106
4533
1571
2424
7805
-6756
-9415
-7657
-8880
-5578
-1876
8736
3545
-5575
-2808
4297
-6114
6242
-673
4546
-5582
6307
-1683
6538
-5709
-2463
1014
9955
-2679
3523
-2362
1429
-3966
3320
-8185
5336
1962
1492
4020
-2757
-4039
-6165
1199
9876
1740
-4336
-9943
5622
764
6561
1803
4540
-2617
-6814
-7870
2255
9292
49
1773
8292
293
7050
-9806
2097
9922
2166
7800
1391
7550
7824
-9501
5457
7437
-9685
4572
-5394
5533
-6985
-559
-3714
-1121
6229
1334
8161
4112
-826
1753
-1008
2811
-7112
1253
9246
8355
6791
1237
5105
-8541
6173
-5684
1923
-291
-6923
7236
6134
178
-1200
-565
8263
3613
-7284
-4947
-6077
-6310
-861
6478
4512
5486
-8366
-6473
-5140
-6431
-7521
-6072
1157
2052
3909
-2052
9241
-3608
-2672
2878
686
-50
6851
-8459
-7867
-2962
-5684
-6961
-8116
-1418
-5621
3703
-2932
-3418
-9705
-8493
4499
-846
-6270
-1800
8879
-774
5190
9951
-6918
6867
-4392
9538
-2987
7725
-5798
-9050
3869
-1799
-7170
-9311
5670
-8227
2936
9183
3487
-9747
7570
405
2057
8790
-1985
-1856
-6649
-5915
-7745
3289
9119
1551
785
-1865
-1439
-981
-5788
858
-5947
2154
-3337
6196
5121
-143
-876
-3219
8959
-3283
-2266
-6302
4327
3954
-6610
4501
4914
-9677
1142
2298
8143
116
-9533
-9558
5848
-3392
-9113
-6047
4388
-3734
-8751
-8986
-6494
1488
-4421
-4294
5567
-2166
-6404
6604
-143
-4546
-257
4942
-9824
3823
-8938
764
8251
-6101
-8753
5806
307
2505
5917
-2197
9676
9925
-7567
-7482
4380
-6295
6528
-3021
5424
9080
7529
248
-1168
9620
4196
6499
-7489
498
3917
9281
7591
-8887
9506
5519
-6840
3861
9841
-6831
3161
1478
-6717
7375
-5303
-3333
-3872
6575
-1853
4574
2225
2207
-8837
-8755
-5496
-6509
1055
-680
4289
2220
3001
-4035
-9923
1582
-4821
7496
3925
-2247
-3888
104
-9425
-6708
4421
-3213
-7794
-2618
6638
6823
-95
9485
-5138
6047
1966
-9755
2779
3694
8622
6260
5912
4715
2995
-6197
-16
5254
-1117
-9298
9870
3355
-2614
-4772
-9157
7008
6457
6223
3728
-2747
114
-365
-4002
-4632
7381
3219
2030
-9957
-5092
3350
7416
2953
1827
-4242
4633
9308
512
-4575
340
3716
-7226
9974
-1815
-8908
7406
-4404
-4743
7356
2048
-5117
-4841
-4680
-9940
1891
-3803
-2548
-8686
-8658
-744
-975
4819
6096
-3293
2794
602
-184
-8975
-628
8455
266
9814
-3663
1941
-7309
-7492
3428
-2476
2510
3315
1261
-9322
1821
-5246
6610
-6447
-4778
6719
8564
2063
-2994
-2981
6794
4161
-6007
1168
-4345
5674
-3873
-8509
6010
-4817
-9623
8664
408
-4727
-7394
-7647
-3303
-6103
-3261
1932
-9903
-3353
-9067
-6969
-5537
8389
6374
1255
9715
1038
5931
436
4296
-6827
7100
9588
-925
-3280
6482
45
-7806
-3863
-8460
2301
-6797
-3681
9409
-9366
-841
6871
-7718
-7128
5421
2437
-5784
-7493
-499
-8520
-4872
850
-2389
-835
-5601
-1965
-9576
3955
8632
-6573
7110
2075
6013
-1664
4828
9164
-6869
-3060
4657
4244
-781
4935
4288
-2437
-2520
-358
2895
912
3497
-9781
-5832
-3306
-3327
-7953
-166
338
2241
-4477
7815
9545
8582
-3789
6762
-6561
-2572
666
-8212
-5145
-7014
240
-4964
-215
-9925
-6221
9082
9455
1126
-616
1219
-7466
7174
5241
2287
-2319
8958
-9969
-4993
9878
-9176
-5442
3650
-1997
-7674
7926
-592
5585
-9749
4012
3979
1878
7262
6946
-2381
-3789
2422
-2101
-2642
4959
3587
-226
6053
7564
-8045
-8798
3608
-4295
5062
6773
-2020
7989
6042
-3485
-4543
-8504
-5754
4409
7224
1062
5059
3041
2384
-2697
5299
9540
6370
-4724
-5403
6506
8058
7013
-7094
913
-1057
-6731
9597
-6186
3359
-7521
-9446
4175
-9998
8214
6301
-8743
1916
-9622
-3668
-8254
4608
-90
2721
-9870
-9884
1942
9489
-6119
8616
8179
-6678
8559
8545
5657
5928
2222
-8752
6134
8640
-6621
6800
7995
5862
-7787
-6104
898
-4492
-9093
-1350
2269
-8197
-4329
-5391
-5643
-1366
394
9467
-9325
131
-148
2720
1519
9190
9033
-7097
9615
-5599
-5662
3063
9061
-8851
-7679
-1232
3356
-6374
-7913
-5766
1635
1063
8613
-967
-3858
-6281
-4050
-9649
8535
1968
1692
3958
-2212
5303
7003
760
8256
-2849
-9807
5248
2877
-3903
-3990
7149
-6417
-5544
7696
8233
8610
-8927
4360
2519
4736
-3159
2319
-10
1401
8593
5783
1462
3179
-105
9657
5394
7298
-4282
5194
-3799
3661
2005
-2141
8015
6284
-9077
-4012
-2147
7071
-2113
8715
-2155
-4423
7373
2103
7351
1677
-8813
3539
-7205
-8033
-4998
-3805
5494
5343
6836
7711
5911
8288
4593
-9755
-3423
6281
8886
-7323
-4735
4106
2036
-78
5042
4934
-5488
-733
-1512
-4309
6001
9042
9610
4561
-102
-8880
-1125
-4643
7209
5436
4354
3099
-1309
-7916
-4974
-4756
-7494
4576
1159
3889
-1248
6389
-9011
-4374
1950
2257
-6981
7834
7876
5433
8830
2820
-7894
2701
2629
-5428
4215
-9984
-9394
6767
3765
-6632
5727
5248
-7915
1841
1695
-6620
-2734
2849
3636
4447
8876
3102
-7595
-8276
3658
3124
4458
3889
-6261
8007
-130
1105
4872
2546
-2627
-4563
-6190
-4945
-2877
8152
1128
865
9505
6026
8603
-6111
1352
8973
8771
2622
-210
-7942
-1673
5557
-1741
-3545
-3260
-9764
9323
-4120
6820
18
4496
-2208
-5121
3133
-7391
-8122
-5222
-290
-4892
-7688
-7721
-5795
-794
-5189
4023
3005
7970
4693
8875
-18
169
7929
-1533
6401
2124
-6368
8479
5787
-1204
-6541
-7479
9249
-7974
1062
6469
-7754
-9912
-6930
2619
9867
4603
-8027
-9671
-5534
-1591
-9167
2565
6855
-8894
-60
-3751
-9801
7768
-3683
8435
4454
-9295
-1588
9969
-1664
4205
-9642
3686
5752
7771
2864
5108
-5951
-5285
1101
228
2595
9802
-6133
-2861
-8081
-7828
2875
-3878
-3989
-2042
-3829
-3755
-6634
699
-4499
-4369
5978
7140
-6127
7236
-286
948
6591
2317
-5627
-2426
6747
9750
-2775
-270
4424
887
9921
4855
-2187
-3075
5425
-6538
-6016
8499
8973
406
7234
-4241
5043
-129
-6271
1215
-9050
-707
-7402
-2656
6910
-2584
-4336
6331
-7731
-2632
690
-9802
8123
-3121
-3681
-3748
7588
4672
804
-5121
6824
-5421
-8821
4651
-7816
7072
-5301
3095
-8098
1665
-9826
-9417
4328
-6935
3259
9516
8968
8925
-3216
1284
-8570
7726
-5062
9474
8902
-8407
-1653
9338
8835
718
6085
778
-9663
3583
156
4927
5058
364
8194
-7172
-7624
-4395
901
8868
-7678
-9312
2194
-8763
-1119
-3366
-7937
-2879
6194
-6594
4833
-8828
674
3165
8810
-7492
3161
1817
-2765
-2399
6957
5719
4993
4299
9990
-1465
-9272
-4333
2296
7044
9811
1413
3665
-5972
9996
-620
-9510
-8520
8725
9907
5769
7914
-1360
-8170
-8346
9922
-3798
-9534
99
-46
-2747
-4864
3842
9841
-7138
-3392
7380
2724
9037
-6682
5541
4828
4607
-723
-4122
-7113
-6914
-3694
371
3095
6316
8566
-8247
3039
-9611
-1711
-9704
-599
-2325
8243
-2021
1071
-7366
8601
8710
-158
3735
3798
-4345
9014
8901
-1653
9681
-6020
-2250
9707
6546
-1699
-9693
-9013
-5267
-6263
8906
6620
656
3416
-2300
-9943
3447
3528
2487
4178
-2296
872
2457
2249
-763
-8922
5086
-9845
-3715
5478
-4515
-954
6621
-6626
-7586
-8363
9580
842
4495
5118
1316
-2785
2302
-1069
-8589
6074
4618
6675
-519
-1206
464
7919
1515
5625
-7537
-2010
-2553
-8209
-8398
1549
3803
-5766
-1328
9293
-1755
-1591
-6559
-3827
-3507
-6081
-936
4223
6278
2812
-3748
3434
-2094
4981
9442
72
-3546
-8576
-4543
3402
-3237
-2043
-5863
8998
9112
9539
9894
9665
823
-1506
3389
3415
7064
8685
3305
-7922
2669
2082
-407
-6223
-3902
4215
-8350
7877
6491
604
-2441
-8059
-4759
7563
3799
-3159
4680
7660
8796
-1675
8137
2618
8193
1247
-1935
-5387
4941
-3944
-8145
679
3061
-3733
-1374
-5686
403
317
4465
-6562
-7252
1559
-1495
-5550
-720
-3907
-2316
8442
-2241
9722
-5859
7489
-3341
2519
5966
-3510
-8931
-7663
-632
9144
9348
7036
8313
5424
-1694
9289
6295
2342
-3862
-2449
4172
-251
4357
-7930
-2204
8628
-7336
5820
9738
-9440
-5998
-3220
445
-6036
-9057
229
5970
5211
-868
7508
-8285
881
-1329
-8788
-5317
-8821
-9862
-4182
281
3930
-1646
-2523
4015
-6407
-5940
7031
3236
-9613
-8643
6265
9609
-9141
7047
9001
9076
-6829
-3064
5828
2842
-2149
-6264
4107
250
7922
1345
-6650
2422
-8889
-8891
-9858
-5863
-8815
-2907
6493
-9317
-4476
-586
823
6243
1678
-2581
-8223
905
-3103
7719
1597
4472
-8437
-3920
8017
6991
9924
6695
1490
8296
-293
7515
7980
-8172
-4034
6186
6652
-8365
3856
7469
6509
-4344
-9876
162
6336
-6700
-6302
-840
8285
-9221
2027
6612
7006
3802
-8242
-4942
-6554
-6060
-188
-5021
-4736
2375
-5922
9364
4262
-7308
-8255
-1298
-4677
3030
7632
1250
1065
7099
4933
-4566
-8298
-6523
6444
-6032
647
-6926
5570
2542
-7131
-4270
-6656
-131
-4678
-1282
-9807
434
-3478
2232
-676
6445
-4151
9944
2384
1320
2215
6336
-2554
3440
6440
6751
-5629
5961
2036
-9053
-6739
-3854
5028
-3536
-2008
-3994
5031
4184
-1325
-5084
7025
-4747
-5535
-5525
-3919
-4150
1235
-3985
-4246
-5712
-2576
-8016
-5051
-6412
5778
-6140
7768
-8171
8669
1275
6170
2508
-9603
9740
6252
-2399
-8919
7638
-4485
-2873
3677
7084
720
772
8172
7805
-6275
-530
-4849
8369
-3793
-2138
4694
-5116
-6797
2122
-4052
-6269
149
1916
7791
-8078
8394
99
-8451
6373
170
-739
-6879
1667
-4476
330
-6357
-5176
-9029
5187
5428
5114
-7563
2612
3018
7165
-6478
-5133
7977
6403
4199
-9167
426
-2745
-5236
-9145
359
6666
5196
-1677
7418
8074
1027
-6514
9071
-5627
-6581
-3866
4043
2236
3355
5498
347
4789
-2359
-1908
-4574
-5236
-2040
7221
9696
6080
3186
1453
4126
8199
9988
3651
7584
-5307
6997
6969
-9747
-4884
-6185
9732
5732
7545
-2286
7227
6313
-1852
8072
5183
-6535
3622
1442
-2952
-1323
2557
8591
-4800
-1418
-7432
-1065
4815
-7293
1472
7502
-1646
-7815
-7172
4891
8524
3416
-1157
-8351
8006
1935
6937
5059
5406
-1338
200
-1438
-1408
3169
6517
-8143
8949
6822
6298
-6841
-6915
2356
4588
4225
-7873
5883
9717
-6593
-7037
-7678
-2269
2383
697
-4087
-498
-1881
-2980
3709
5724
-6770
5357
1875
3927
-4883
347
2119
1194
7063
6624
-1283
6437
-7054
9805
5400
6885
-8670
-8760
-4292
-5120
4340
-2682
513
3109
-7873
3940
1962
9080
-5341
-2669
4457
-7036
-877
3412
110
-3162
-6505
-272
-1324
-2100
-5374
-3723
76
-6548
-7370
-5424
-8569
1191
-7491
7916
9893
4805
-1419
9992
7568
1923
-2334
-6035
5534
-873
-7088
9484
-9866
7051
1732
1329
6700
-2498
-1469
75
3329
-5888
-4252
-7492
-9484
-1820
-4845
7559
-8812
2175
5493
-7904
93
-5196
-7827
188
-8491
-6405
167
-736
9908
-6400
-7911
7158
9425
-5831
-9855
-4944
-5048
-375
2752
3179
117
4249
-5502
-1669
-4386
7151
1591
-4510
-4906
-1596
3973
9179
-4782
-5750
33
-5367
-8499
-3785
-9840
3630
-7782
6685
1332
-4688
8914
-8244
-3468
8502
-6047
1137
9990
-1325
3060
-5628
-7946
-9805
3954
2914
-4005
-7665
-9061
-1699
-6910
-3724
-269
-1848
2062
9473
6775
3748
4282
-6329
3011
5632
7082
-6671
-6735
-3041
-5874
-7695
9363
-1728
3996
-1557
-2421
1900
5942
8004
9177
9381
-4719
4931
6556
1098
9923
3496
-3057
3737
-5739
7165
550
8239
7005
-8660
-9211
-1411
5437
3158
-9603
85
222
7607
9223
4649
2050
-4007
6928
309
-5732
-9867
-2965
2145
4076
3625
-2508
-7205
8975
203
-2679
-7965
4847
-1624
8967
7022
-2616
-8556
-8435
7435
-479
2461
1661
3067
4155
-5187
-5249
-4646
-6419
-9130
3612
8843
4968
-6546
-2558
3824
-5414
-2071
-308
7120
-7338
6291
-8213
-5538
-4639
8873
-4994
-5071
789
4171
3414
5604
1842
2757
-2991
2915
296
7375
-3853
-3974
3775
-1960
5821
7222
-9966
-1653
1520
4383
-8537
-2843
7167
-8521
6808
8455
-9984
4399
6785
-8580
7421
1493
5648
2601
6019
929
1657
-7435
-4821
175
6037
-9455
-6611
-3066
2186
2287
-1150
-4656
4760
-1271
3653
6474
1663
-3929
-5328
-2076
1119
1455
3742
-6228
-9348
2674
4656
-6844
5180
-4763
5229
3463
-2663
5555
8867
-7614
4778
5161
2036
-7939
-3644
-2388
1529
-2001
-8024
-2935
8540
-4237
9311
5529
5386
-905
-5314
-5609
-4951
-5358
5166
5074
3780
481
4137
3516
2604
-1681
-6272
-6320
-5103
-7463
-6082
-3597
4031
3186
-9576
-8380
-2357
-5430
-8708
4393
3241
-3734
-4436
8122
3579
9194
6466
1970
9688
5780
-3696
-6258
-5595
-9650
-9459
4331
9968
3498
4515
5335
9411
-7475
-2156
7571
3498
8968
8742
-5079
-7636
-6257
-6671
5341
-5770
-9323
3476
-1173
-7702
9925
-9232
776
-4643
4249
3943
8375
-2382
3179
-7576
-2451
8959
-7281
-414
8488
8027
-8392
5914
-1150
7545
-978
4482
-4479
-6325
-6786
-1039
8147
9450
5704
7861
-9353
-3965
1466
-2251
-9461
5023
1991
-7040
-9865
9903
-4881
-435
-1464
-4419
3261
-2605
-1163
-8972
9869
-4549
-8918
-7937
-6989
-6742
-1783
-1207
4397
3555
-319
5353
2396
-9848
5258
8407
-1582
-1105
406
5206
7405
9356
3554
-7934
5271
-9775
-4332
9755
8779
2324
-7055
-6466
6664
-272
-5463
-7468
4718
-8265
8994
5596
2124
6206
5461
-1037
-8522
-1728
8647
4829
-9240
-2488
208
9289
-8069
1361
3417
3166
7884
2894
-7141
9867
-2848
7049
6391
678
4088
957
2676
-186
-8868
1240
4414
9051
-636
3975
-5328
4920
-6312
-8510
-8234
192
9816
4217
-3269
-4186
1632
5555
6664
-567
9567
-6984
-2925
-7679
-6696
-102
-3093
7777
-4572
8280
-9074
957
6535
-3621
6017
2638
6921
-8867
-9810
-2471
5098
-9712
-3829
-8462
-801
-2579
-5012
-8210
-6229
-2027
9282
-1796
-8506
-5257
-9145
-3908
7044
-2777
-7469
5516
-1381
750
451
5000
1573
-1351
-289
4777
-1858
3392
3600
-2181
7456
-8776
4666
5738
-9221
8822
4483
985
-1597
-9775
8200
6837
-3384
7661
9831
-7730
5890
756
4749
-9885
-5298
-4670
6917
-6233
7348
-4949
170
-9751
-1373
7147
-4790
5584
3511
6794
-3050
-7841
5634
-6112
-9515
-2772
4949
-9391
8183
-3354
1860
8532
5246
-1381
-7095
-29
6634
-1483
-8719
-128
-5738
-2327
4497
1704
225
6632
937
-6286
-921
-3560
-2650
-9704
-9740
353
9
7354
-9702
2719
-6223
-9782
-6274
1824
-4657
8035
-8523
-880
9535
-544
-4004
8548
-9018
-8893
-6531
-3478
-2730
-7544
5261
-4286
4296
-1431
-6969
3876
-269
5695
5018
2724
-3728
3699
-5475
-8682
-7206
-5941
5955
3366
-1426
-7499
-1448
8530
3427
-8732
3529
4106
4906
-2359
6334
5308
-7381
-7498
-7392
-70
-701
5583
-6324
6300
-1595
2482
-4530
2204
-1126
2644
-6657
-3147
-982
-2834
4507
-2002
-6335
-9346
9669
1923
1276
-7700
5947
5329
-8911
7931
-5768
5016
4276
-3008
-4057
-6222
-2374
-3736
-3569
-905
-6537
-4458
5339
4933
-4700
-364
7773
6417
5161
5711
-5561
-7898
-4464
5347
3716
9251
6647
6645
4135
3776
-2041
3282
-8108
-1576
1833
-5352
-5324
256
6740
3995
536
-8335
-2346
-9986
8459
-2070
2035
1334
5943
-1328
-8782
3116
-1881
643
9122
-9702
2791
-5114
2810
-7047
6294
2599
-7208
-4167
6164
-9096
4829
-3626
8351
-7725
9599
-6731
-922
9492
1728
-8842
-5572
-8225
-4489
6104
4364
7149
1042
1173
-7888
-8910
-8422
-8164
4723
2179
574
-3194
-3919
1720
-4831
-8455
-213
-3781
1828
8875
-3965
-903
9361
3930
-5995
1180
4761
-787
-749
8278
8071
9500
-5803
8546
3930
-3850
9088
-7651
-505
-4368
588
3003
-8885
8070
5757
8008
-4567
-1809
161
7329
-5497
-6740
717
-2249
-907
412
-3847
-9492
9488
9263
983
-6844
8924
-5245
-7475
-3970
1201
9908
4703
8683
1093
-1561
-2767
-7693
3815
3262
-5670
-9550
-1851
-1661
-6885
-7815
6719
8670
-1298
9465
-3524
5974
-9743
-6513
2640
-3900
370
-6283
-9899
8275
-1382
-2457
-2216
-3989
9506
-1362
-6561
4834
4790
7671
9084
-7083
-9300
337
-9445
7346
1681
-5460
-1389
876
-5999
1087
3516
1942
4978
400
269
4092
6503
1522
-2584
116
-4795
-905
-1205
-9153
5825
-1025
4652
8951
9201
-6153
6199
-6053
1806
-3574
-3976
-3656
9853
-261
5672
-4098
-2267
-8482
-8758
-8056
7919
2859
-1915
2037
7452
74
6415
9481
-5256
-6933
-8879
9732
9665
-6414
1106
1221
9733
-7679
-3864
7006
5763
-4872
-7479
230
-8632
5526
2829
-1362
-7488
3130
9426
-8849
5641
5858
6788
3032
5917
-2517
3342
-4795
-9309
-8483
-10000
8026
-2401
7431
-361
114
1501
-4145
-600
-1151
-9984
5678
-3944
-9350
3470
-2157
-6472
-3553
1848
-1806
1277
514
8693
4818
-7605
9339
-128
4151
-8909
-8754
-6231
4473
-9391
7250
-1331
5452
4762
8874
2987
8044
-1142
9707
-5520
-9691
9146
-6007
5680
-8367
3819
7784
4537
310
3158
6003
1619
7641
1580
2239
8208
-4561
164
7170
-6760
3239
4638
6198
-8724
-3491
-9134
-2748
8557
7860
7568
5633
-318
9434
-5734
-5627
3565
-3363
1430
-4193
-5945
827
9288
2841
-2014
1761
-8005
-3095
1377
-647
4628
-6363
3170
8694
1875
-2954
5075
2299
9425
8259
5983
-791
1616
-4118
-90
-8186
-7686
1624
-2491
8197
-144
6992
2961
-9728
1449
4751
402
6194
7617
2262
-2962
9208
3071
-7102
-6298
4593
-3206
6471
7868
-8716
1207
9886
-1039
5480
-2056
-4736
1356
9742
6062
4282
-3518
3055
7441
-5258
-7724
-5224
3696
-1814
5533
8588
-936
5847
701
1314
4563
-5723
7327
-4131
126
1759
-2498
-2379
-6521
-8144
-5367
9096
-2813
-8491
5260
-788
8613
7579
-3190
158
1454
8007
5897
-2502
2062
1573
-5878
7276
8940
3675
-8628
-2355
-392
-5342
147
-8070
-4548
1923
-1237
5079
2217
7360
-3897
-3940
-8503
-2364
-3947
5098
-3139
-3574
5943
6456
7178
4891
9972
5052
9264
9545
6018
-1675
2158
-4897
-7803
-6481
-3895
3976
8151
-5033
776
-6187
5269
-4030
-694
-213
-41
5515
-2617
9307
-5493
-8670
9950
3405
-8775
7699
1987
-8732
-2693
-1069
-5588
2187
178
7587
1279
2693
6107
-9728
301
-4293
-1517
-6756
-4887
-6768
6363
5078
4758
-5528
-1208
4286
-6462
7195
-4127
-3931
-7279
1756
-6334
4246
4432
4397
-3239
-8064
-2284
-733
-296
7749
6838
-2926
-3540
-7067
2752
2353
5710
-589
-9931
-8953
-989
-1423
3907
-4569
8717
6436
3675
4352
-6971
-8118
4182
3365
6708
-8142
8320
1532
7633
9602
-9809
-518
1854
387
2679
6807
-7311
-7099
9278
-4069
-6909
-6207
6423
4303
4697
-2037
9626
7096
1887
-2186
4354
-1437
4626
-9081
-9045
1753
-4
7506
1795
-6464
-940
-3385
-1634
4687
-6941
3013
6290
-6756
947
-4378
-3081
-6538
-1150
-7299
-4293
-7666
-8690
8979
9528
1058
4019
5609
-2181
9717
8227
-4911
5741
63
8149
162
-8575
3497
-5588
8252
-6009
9141
8951
1128
4128
-9601
-252
-6739
-5103
7460
7443
1728
6795
-2117
52
-4464
-1825
7803
-3088
-7104
9826
2164
-1544
-8767
-9234
4051
4526
6613
-8718
-9663
690
6796
8744
-6259
-625
5272
-8043
9805
612
2381
-9434
1416
5826
-5954
-2527
-6792
-2683
-1355
-5715
-6550
5965
-1807
-7522
-7915
-9856
-8695
6254
70
-1
-7753
-2981
-2570
2912
2963
-6067
5266
-1588
-6927
178
-9625
-6287
6618
375
-9705
4728
-6284
-8965
-8802
-8402
338
2942
1491
-7306
5
-7943
-150
6470
-2457
3868
-1938
6722
-3133
4960
6211
3515
2335
5215
604
-603
-3696
4159
-6722
-1479
4356
5819
6016
4919
3981
-2144
1490
-4624
-7402
2794
-472
-7741
6380
1853
7383
-7897
-7355
5176
-454
6898
5485
-3825
-5210
6748
-3223
-7712
-3998
-5059
-7073
-429
1787
-553
1404
-5597
7940
8480
568
1973
-8426
-7986
-8719
-1730
-8990
-4023
9457
-1
525
-8644
-5050
5107
-9397
6551
4120
5570
1571
8062
867
-6389
1300
1949
4145
2718
6150
6486
8673
5595
-1633
-4930
9995
-7326
-7087
7654
-4955
-3216
-8025
-1156
5017
-7699
-3602
-8680
-1393
406
-131
-5705
607
-4042
-6146
8512
-6678
-3896
-833
-8364
-3545
-4133
-6547
863
4845
1781
3015
3200
-7140
1076
-7944
8108
9272
-9062
-7216
-7948
-2963
74
-4232
-9983
-1244
3094
1518
5104
-9609
-2848
1462
-5855
3424
-145
9341
4555
8701
-2416
2484
5680
4058
4229
-3486
-3502
-7844
1706
6747
757
-5004
5735
4863
516
7237
-7033
409
9537
1699
-1080
3257
9080
7333
-9959
-4658
398
2441
7831
-2131
-9394
4115
-1936
3592
1556
8577
-5964
-7109
-5018
6561
-915
7042
1444
2831
-9220
-7564
5382
9629
6803
-4537
-5812
81
-9176
-694
5222
-497
-4326
-8815
1492
62
579
-8659
-5932
7380
-537
3556
7273
6468
-1902
1061
-8672
8741
-692
1420
6367
-8108
-2506
9274
-8443
-9925
6403
-3192
-6361
-6939
7391
8395
199
9991
9341
-1961
4825
5812
-4058
-3864
3604
6673
1229
-4558
5422
-5721
52
5311
-7861
8655
6631
7901
8973
-6273
1315
419
224
-9167
-6575
3419
-8936
-8508
-3695
-3257
-7883
2698
-347
-8080
-9631
-4513
-6242
2651
7294
718
-9565
-6527
-6954
4711
-3753
-9206
4216
1851
5046
-9850
1855
1234
8907
8933
6360
106
-806
-5271
-3711
8095
2814
6057
-710
-6856
-7371
-5573
-4937
2576
5570
-5457
-7356
-9162
-2885
-7113
-2713
-704
-3309
-5987
5826
2769
4867
-1398
3647
2595
-9632
7630
1258
6597
2532
-7004
3929
-7369
-6822
6510
-5994
4267
778
-3647
2207
-5318
9331
2972
-8386
-1996
-5412
-5199
-3974
6074
-8987
-1688
2973
3043
-5687
-3435
-9084
198
-3564
-4179
47
-944
-7412
-9334
-3457
-7916
3135
-5264
1300
7219
-2827
6302
-4143
-5041
9116
5831
-9369
4884
4796
-3920
3533
2263
-581
-5639
-9335
-5202
-3912
-8660
-4944
-5437
698
1047
-5791
-9165
-3319
2735
-7228
-4169
-8651
-3185
2724
7175
-5458
4298
222
8528
-177
-8009
5615
2898
8634
4191
1105
1943
8650
5647
-811
-1045
8963
-9671
4188
-6732
6792
5816
9103
9437
-6884
4109
485
5822
-2127
-3736
5114
-5875
9347
403
4055
-6097
-3115
-9464
1988
4269
1282
-2928
-7282
8728
-7065
-1038
5374
-1472
-5643
2156
-9956
4878
621
-654
6477
-8938
9032
-8026
-5079
-8249
7606
7023
-5641
-1316
-9138
-1673
-9953
-572
-9025
5003
-293
-934
-7462
7997
5666
-6563
-46
-109
8864
-3072
7927
2769
-124
-2137
7555
-5700
-8007
166
3219
-6844
1841
-8764
-1255
-8560
-5824
-7116
-4737
4040
9227
4686
7713
-7385
3273
-2733
-7849
-4567
-3794
-3219
1790
-6701
-6615
1261
-3866
6565
-6663
4532
-5363
8528
7751
-5993
-6038
-3518
5663
-5006
-3751
3271
9874
-4019
4704
-611
351
6939
-7630
8530
-3245
-4202
149
-2089
208
-2974
-9111
8823
-6978
-9369
-2156
2496
4384
9952
-2202
-8201
9795
-7805
-8132
-9852
2613
-2986
-9709
-4346
-2878
5252
-8601
711
-5702
-7455
-418
-4934
3811
-9408
2173
-6119
8790
2678
1016
-8649
3478
9442
-9105
-4817
8169
5881
-5947
-2454
-9354
-8753
-2301
4079
-1132
9736
-284
-5893
-4274
-8202
6709
2442
3467
-6610
8051
-4047
-7297
-6365
9812
6583
8972
-9845
-6790
-3474
-1650
5691
3687
-8968
-7067
9688
-1282
-401
6816
4133
5201
-2709
-6300
4225
500
-5489
8395
1347
-4782
5735
-3834
8309
254
-4441
6319
-4980
5930
-6097
9315
6464
6748
-8781
-9604
-5720
-8240
9348
-3096
8280
7611
-6073
-8676
4829
8941
-9741
7621
-4652
-796
6103
4504
45
-6181
-7930
-3985
9513
7151
3137
-2807
9997
-4997
3244
-9435
-3125
-4909
-974
-2191
5310
-619
-1559
-9812
7029
4258
5375
-8777
-2132
-2866
2278
-4475
-8051
-8566
-541
8876
5270
-4204
1871
6332
-5986
-2109
2058
7526
-8983
-1552
-8619
1305
-2400
6853
-9249
-4521
-2619
6120
-3253
1667
3698
-7895
-600
-9885
-7107
9481
-6178
4838
-7976
5297
-514
-4460
1424
-98
-1885
-468
58
-5482
4051
-5801
4799
-5046
9335
-1412
-6536
-8254
-98
-8731
-4103
-1565
-1059
-9114
7365
-8275
-1187
-4330
4202
-4
-6083
-1343
2900
9856
3409
6509
737
4447
-5051
-8480
8539
-8319
8443
-1199
-5638
5817
-7780
-6409
587
-8450
3169
7283
-3636
6256
7043
4961
2350
3020
5518
-7853
-4699
4839
-7506
3897
6406
8589
3761
-4457
9065
6374
-8702
1089
9433
1339
6395
2644
6090
5271
-5873
2255
-5948
-3941
5922
6131
-7310
4563
6540
457
-2860
-7570
7242
-2085
8462
-4852
-2241
4437
9051
-2153
-3633
-3076
-3305
5346
9489
-5692
-6781
2467
-9859
6781
1772
-4182
7971
931
591
4043
-7310
2205
-9510
-30
7495
-9702
-1683
5143
9284
7969
-739
-5124
-1448
-738
-2799
-9690
-6664
-779
-5858
-7175
-1153
-6077
7313
-4236
7229
-2971
-4337
8565
-9644
7023
-3752
9204
2660
-2053
5382
2310
-9342
-4350
9482
2298
-8753
1452
-3862
3614
-8285
5607
-2743
3443
1052
4063
-7046
6157
4328
-6252
-2518
3364
-250
-6012
-3472
8548
-8550
4636
9069
-8866
-9846
5116
6290
1210
-1414
2823
-4823
3195
8779
-5826
4947
4430
-5549
7104
822
-7048
3152
9906
-8493
7650
116
-1941
-5722
-6466
8590
8059
-5306
5074
9836
-4785
6763
-8728
-9872
-8944
3744
7679
-8250
5160
9821
-7500
307
-3867
-1498
-3302
1688
6927
-5116
-8752
8525
803
5811
8658
8248
5993
4463
-9608
2658
-536
-5898
7044
-7623
-6803
9392
-6141
8652
9974
3182
689
9652
9937
-8377
-7544
-1218
-5970
-8869
-6067
8446
5934
-3006
-9106
4296
178
5306
-1337
2218
935
7431
8604
-6874
3265
9357
3291
-912
6647
7035
-8102
-1602
-802
3250
-1246
-3067
-9750
1520
82
8411
-1205
-1770
6618
-2805
5810
-4566
-6931
-6187
9587
-6331
-640
-4403
4921
-3363
-6904
-7327
-613
7777
7910
-7013
2910
2473
-1892
-861
458
-896
-3485
-5504
1921
7093
9389
6399
-1901
805
-9961
-9779
-2783
-5603
1023
-361
-7507
-5391
3734
-4356
-1974
6024
3765
-284
7632
-3552
-9414
-5030
-751
-1144
884
3225
6145
-9293
6323
-4390
5380
-8502
-1420
9686
-6119
-4967
-2879
6992
-7064
4164
-1466
-8465
3039
2671
142
1918
2763
1442
5175
7652
7702
-5726
-8063
3665
-1503
-7612
5251
6077
-9411
-3865
4817
7027
-7433
7393
2263
6684
4863
6805
-3749
6513
6011
-3723
-6637
-546
-192
-964
1402
9892
-6528
-2917
1275
-907
4219
9024
3835
298
9695
9997
-1178
1674
6324
9875
4508
-4905
-1174
-4144
8653
-5980
-5930
-8721
-5882
-5301
-7111
3717
5719
-8475
4600
-7681
-1133
-433
-9277
-3099
-4900
5113
-3258
-618
-5261
-1439
-6262
-7992
2760
3043
5358
6123
-9637
-3127
-203
-9678
1782
-1730
1352
-2564
3542
-3268
1576
6078
1702
-2956
6200
4377
1511
9088
703
1037
-6519
9475
-5210
2007
35
-531
-5978
-172
7725
7746
5443
7092
1386
-3760
-6688
5499
8705
2696
900
-2380
-3697
-5573
4771
-256
-8227
-5541
9146
1101
11
-6652
-389
-2751
-3252
-2125
-2142
3575
-2638
-8774
-7912
8614
-5160
8366
1346
-3696
-2804
5014
6291
-8702
-8294
-1012
3767
2100
981
8595
-1986
-6935
-5792
4363
7498
8224
-4172
7614
3058
-2664
-6557
-7817
438
-2170
6945
-5910
8264
4950
1644
8000
1115
-3100
9616
9058
6632
-8238
5510
4002
5390
-1388
5780
6403
2833
6533
3549
7478
3612
-7886
-4712
-3872
456
-1439
21
9675
2039
7641
-3075
-9769
7309
9528
-6950
743
7353
-5067
-752
-600
109
8985
-519
1495
-1896
-3082
6362
-6259
-5117
-2047
4066
7646
-8096
5587
8670
5732
-5584
-9920
5561
7274
2205
-7954
-6305
-1400
9065
4816
-2699
-2819
3484
7674
-2939
8345
-7732
-7961
4837
8868
8669
-1653
-1316
-7413
-2902
-7374
8215
-186
7624
-1307
-5724
4471
5142
4371
1472
-9211
537
-1692
-2768
-5210
4090
7740
6929
-5127
5024
-3093
-9029
-9416
-4680
-9092
6856
8898
781
-9644
-3176
3366
-2172
-1477
93
3028
621
-5471
7528
5211
-178
-6352
-3801
9158
1712
-1038
1423
-4103
-5687
7356
4708
-6156
-4150
7239
-2580
9313
32
-4597
2077
6485
2600
6073
-4185
-7688
-6011
6456
3894
-1584
-5883
-9968
-4963
-5747
7029
-8699
-5069
-6329
5498
-6132
-594
-9611
-1326
7529
-5382
-2926
9470
9391
-2038
7341
-7375
-906
516
-9620
-738
8851
-522
3839
-796
-4744
-2631
-7823
8475
1784
-6305
4947
-3893
-1687
4309
2228
1781
-2740
-6107
-7037
3767
-5396
-2206
-4020
-4708
8503
844
3208
-3329
8234
-7135
-66
-9596
1819
-6747
-2105
-3050
1956
-9720
3573
9965
-3190
-5250
-3701
1575
-5313
2130
8562
-9422
9801
-7491
4412
-515
-9912
-6509
912
9896
-2564
7586
-7706
-18
-4317
2704
-3174
-7318
2432
2032
-7668
-1300
-3045
7860
-2087
4540
8384
-7110
-3407
-7486
-4125
-7942
-3515
7064
-4376
8123
-3514
-330
8321
5033
-3364
-6704
-4926
4566
-7063
6507
-160
3707
1808
7288
2023
-7011
-9733
7073
4202
-734
4542
-3400
-3181
327
-8003
6967
-5800
3328
-876
-8421
4398
4172
1760
7750
-847
-9225
2826
-9778
9619
-400
-2458
-6771
8561
1846
-3558
-7528
-9648
3416
-7554
3968
6368
-8959
-168
-7234
-4717
5879
182
-8673
5285
-4547
3160
4663
-1636
5006
8491
7386
-4380
63
-452
-3622
6895
3527
8696
-7945
8089
2603
9839
1064
5157
-6451
-5397
3721
-4977
5568
-4832
-9354
585
-954
8931
4740
-526
7935
-1935
7063
4395
-8789
483
-1879
6623
-5821
-2249
9717
3650
-3216
281
-3286
-3021
3173
-9611
2986
6707
4407
9832
-8759
5814
4527
9938
-7396
8986
-897
-248
8493
-1735
-5036
-9659
4759
-8959
-56
1955
-3981
-5406
-7686
-5242
6709
5858
998
3589
-5350
5027
9675
2518
-7222
-2652
618
-4061
5159
-1364
-2649
9517
4535
-3006
9172
-3503
408
-4270
5137
2760
-1018
-9415
-9737
7400
-689
-1813
2514
-5253
3612
-7988
-4442
-1568
3917
-2814
-647
8403
2120
6061
-1745
7817
5967
2810
-5313
8260
-374
7169
-4694
-1030
-5756
4943
6151
-1401
1234
6092
-6537
-3555
-959
-62
-2362
-5753
2741
1437
-794
9259
-4929
2506
7790
-5272
-2660
-1994
-2335
-5200
9170
7263
6853
-2512
7136
-1081
-9421
1541
4084
9402
-5479
-9120
-6694
3456
8404
-6275
-5293
-1048
-3679
-7381
3736
7579
-3387
6265
-1929
8048
1109
4416
1945
9077
1304
3033
3425
-4306
7285
-1519
6155
4306
4156
-3239
-6270
-537
-9715
-3391
-7701
8457
1843
-6266
-5088
8573
8925
7552
-168
-3689
9962
-8492
-5833
-2188
-6816
-6635
4136
5449
-3432
2830
-6313
6763
1009
456
4380
8843
-4616
3972
-8895
-6241
-3295
-3986
643
8805
-6228
-9305
3002
-938
8498
-4456
-869
9237
-4468
-9979
-7203
-3330
7847
-7810
9327
8134
3623
1038
9357
-749
-1911
3565
1886
-2705
-7130
2926
7638
5628
4981
-3219
1116
1198
7743
-6575
7714
5274
6732
-2603
-9131
-8014
5279
5927
-6518
-717
6091
-7040
-2335
2527
8241
-1594
-2583
2252
-7918
6879
-113
4483
-1436
-7608
2663
-5465
3954
3296
-3135
3368
6202
5193
-1183
-671
-5081
8699
-3314
7520
-6582
3546
-7281
4032
-1718
937
6553
-7041
-374
-8060
588
-9664
3505
1376
-5484
-8919
-3160
-6225
-7185
2507
-5186
-9121
-3575
-8867
-9178
8585
7764
8294
9910
-4685
6897
-5575
8005
-6484
-4122
-8060
1363
-8690
-1840
2248
-6745
2274
462
3733
8281
7934
-4414
4421
8582
-277
6423
-4451
-9191
5028
3736
448
7840
-4631
-6674
-3147
5067
-6122
1757
-9776
7518
3904
-5906
-9397
1061
-9059
-8046
-3752
-1300
6027
5656
-6497
-8799
311
-9634
4285
-9741
7747
2902
-9925
1951
5650
-6832
-5546
-1626
1359
-7751
-5011
6227
-2726
-2262
-331
2442
-3686
6163
3111
-902
5098
2211
-6598
-7532
-6831
4949
-8284
4385
-6860
-7655
-6281
-1984
-1174
-2850
4333
4719
-3694
9534
-4467
-6226
6273
-5115
-9348
-7348
5130
-1208
8043
1847
7010
5437
1973
5391
9192
538
-708
-4171
9387
5432
6625
-9270
-5084
-4995
-5178
-3254
1033
8947
-5171
-3229
-1553
-6886
2355
-4061
-1398
5849
7443
2992
-697
-7377
-538
4974
-6981
-8286
8051
-4735
5519
3392
6188
-2353
3440
-4351
2845
-7624
5982
-9409
9554
-5820
-1867
-2662
-2245
-3349
-9351
9676
-8072
2659
5473
9653
7282
6240
4370
-8042
179
-2186
3253
8143
-5527
-8342
4999
4602
-2400
2218
-466
-6253
6523
4158
1519
-6123
5533
-33
3209
41
-4585
8494
-7145
5488
6654
-2061
7505
1357
-1910
-2316
-6887
813
6880
-5309
-5385
3104
-4427
-7673
-6091
-7114
-2167
2093
-5326
611
-4478
-7940
-466
-9060
6837
9753
-2733
-2170
7649
-8270
-4385
7345
6375
7339
-1317
2214
6464
-126
-2989
5765
-16
4847
-6880
-2884
805
2059
5627
-5631
6530
-4082
1037
-1981
-5411
-3318
-6151
-7075
9805
-5735
-7147
3937
8257
-4199
-5683
7586
5423
-1702
-8788
310
-4653
8572
1727
-7779
1951
4017
1
-5277
-6326
9871
-2634
109
-1772
-8736
-6674
-8222
-4464
1688
-7913
-5180
3838
-6603
2668
-1556
6430
-144
8434
-5887
-5322
5474
5389
-3789
6711
3707
7594
5689
573
-8982
2825
1392
-4338
-8778
-8087
-1392
6907
-7545
1141
-125
2413
7266
-1335
-783
-2800
-4716
-6825
7677
-6827
-2534
5756
5412
8610
1068
4457
-6391
9229
5341
-4897
-1955
-2716
9328
-8393
5408
-4848
-4777
4374
-6664
-4459
-6594
6337
5617
1683
8586
2776
5093
7817
391
3220
8600
-7270
6330
-8371
-9432
-2667
-9836
-5527
-5036
-9050
-5383
-4602
-1197
453
-6333
-74
4764
1357
-3164
-6103
5255
-9350
-4549
5391
-4222
-2597
-744
-8620
1569
-923
-9409
7639
-1787
-989
2976
3201
-5706
3661
-8945
9175
2150
-3020
-279
5758
-8615
3691
1584
-8970
-937
3239
-5915
430
328
1850
-9826
-3236
3742
-8607
-221
7197
6687
638
3250
5874
7944
-2983
2478
8646
6939
5150
579
-164
2097
-7850
6839
-9917
-5606
9149
-9970
8959
6406
-6556
-9733
6443
2047
6402
7247
-6738
-2350
8418
-8990
-8315
-8828
-5781
-9696
-4413
3040
9267
3154
-8587
-486
1153
4444
-9862
-2559
8699
-3891
4393
7876
-4184
-3050
-5350
5290
-2778
1153
3673
8950
-1235
7256
-597
-6460
6356
-7385
-6961
7212
4407
2350
-8727
6971
7221
-3720
-533
3715
4873
-7428
-3974
2163
-1056
2586
7302
4595
-7175
7859
7057
1500
6351
7196
4864
-2861
5148
-466
-6222
-6502
-8617
6524
-826
2216
-5544
-2283
7872
-9186
7710
792
-486
-3068
410
-580
-9423
2236
-7040
2193
-4481
6303
-2247
7424
9258
7
-1932
-9260
500
7803
3055
4998
-3584
8797
-1855
5391
-4290
-2407
7088
-3443
9381
7655
-5643
2994
-3748
-7721
4814
9319
-6138
1269
1254
2678
4331
5006
-83
-3950
-424
1859
-1008
-1770
550
-267
5843
3974
1143
8043
-5073
6051
8970
-7485
-9709
-78
2471
-8021
4010
1267
-3398
-6392
-4866
6800
7806
-8849
2441
-423
-6915
9235
8680
-8542
7684
6079
-5949
7411
1200
6848
-7733
9035
-7048
-9682
-6158
7977
-6045
-7308
8129
-6153
-4902
4069
-1843
-4225
-1050
-4471
473
-8069
-3943
7700
-4081
-2837
-4309
-4682
6749
-4730
-4277
-3445
405
-460
-3407
704
1037
2826
-9639
3334
5995
-3267
7348
4135
-3472
-1564
119
-606
-638
3172
7385
8432
-970
650
8845
-8702
-452
-5590
-3903
3646
8476
4588
4416
-6060
6376
-3406
-4430
-1974
-9639
906
-7223
6562
1665
-7560
5488
-8070
4091
1938
3899
3011
-7314
-3692
-9069
8502
162
-9910
-7154
-7454
-7681
-4055
8782
-57
3161
8578
4178
-7459
-4631
3475
3408
-6780
2502
-429
-7137
-612
-4521
3224
7366
4011
-2111
-170
-69
8954
-7889
8940
7799
-7256
-8574
8919
6049
2902
2039
8008
4245
1540
3350
-9948
-8769
2219
-5197
-4783
8551
-4108
-6675
8690
-6104
-5747
-3412
3675
2611
-81
-5731
-1096
7447
4630
-8029
5431
-5391
-1001
-9366
-7336
-2389
-9673
-2002
-593
-507
8636
-1863
-7948
8720
-4723
-9968
9195
-5640
-6628
6853
9536
-7867
-5198
3844
-1691
4481
4582
-5352
6345
-4972
218
3376
-4535
642
-9037
2903
4054
-7270
-69
8652
7477
-6471
576
-8534
9427
-7182
-1638
3275
2328
-4158
-1769
-5192
-2380
4177
-980
5972
-9981
7846
7079
6320
3813
9223
3054
-4369
-6248
7068
8212
2705
-1661
2503
-385
4290
9036
7842
-2884
5429
5416
3851
9355
-2464
-6709
1393
798
1175
-9479
-668
7386
6751
-6462
-7820
4409
8252
6525
8159
-2966
2673
4734
-8811
1212
918
-6366
-1213
-9282
4723
-3659
-8113
4695
8569
-6764
2400
-736
5538
9719
-467
6686
-8261
718
-3023
-3991
-4815
-6111
9552
-9734
1886
7341
152
7008
-5510
-7711
-4318
-8654
-3122
6243
-5932
3661
-8055
-1951
-6411
7701
9178
2659
-9578
-877
3640
413
-9353
-696
8649
-6577
8922
-5218
682
9849
-2395
8803
6944
5838
7329
8166
-6452
-5555
2826
-4064
-4572
-9009
6322
-1410
7821
5169
-5185
4743
-6397
-8408
-2639
-8115
-9231
-7449
3724
7385
9957
9413
6771
-9483
-6771
2397
-2444
-6598
2220
2402
-5773
443
-3784
3081
-6250
-1749
8972
6565
8875
-8979
-3247
2021
-8129
9922
9543
2666
-8740
9315
-7654
-6107
-1909
-2505
-5825
-7140
-5709
-4904
8568
8184
-2825
-9552
-8610
-2697
1423
7910
-807
8638
-7334
2538
4520
5834
5272
2488
-6636
2193
991
-904
-5652
4811
-5125
-6116
9206
-14
-9844
-8436
9829
4168
4771
-1387
-1633
-2022
-1223
8095
-6192
-5223
4132
3164
-9066
9821
-3888
-5965
-4257
-8812
9137
-3819
-4831
9502
8821
1155
8326
-159
6789
5667
-8472
6372
5144
9398
9999
-2201
3384
7519
5406
127
-7788
-9970
308
-7888
-4168
-3271
8076
8313
7184
3996
26
-5127
9036
-2404
252
3941
7907
-5715
-6966
-5962
7524
-5765
-2239
5799
-6168
-3804
-8118
5108
-5447
7764
3744
9017
-7151
-5741
-5999
-6271
-3131
-8552
-3141
8476
-5223
-298
513
4314
-1661
178
9940
-7353
-2810
7244
-5408
-5269
-9344
-4449
-1451
-9578
-5704
-4920
1336
2175
-5684
-7054
3897
-1478
4569
-3142
-3916
-9740
8077
1877
-438
2062
-2170
-511
-6840
-7549
-9911
-4036
-3518
5855
7488
5624
-8028
-8121
-1073
-6139
5656
-984
-1358
4607
2429
2638
7685
-2544
3015
471
7749
753
-3368
2637
9384
-1322
5918
-2082
-5449
-7235
-1211
-6923
-3139
-8771
-4275
-2153
-8017
3127
-9696
4653
5359
8594
5893
9177
4744
1288
-8005
-4477
-8990
-5383
57
8098
-7750
9488
-9595
-8835
3433
-1983
9546
-3308
-3334
5027
135
1162
-4377
7133
4785
-7080
1717
-2171
-824
-6982
-634
6252
43
-5469
-7012
7111
-815
8078
-654
-170
-4032
4498
-4586
5992
-2353
9615
4189
-4044
9374
-9456
8655
7883
3897
-1814
-2395
5358
4727
-3660
6073
-6543
-4064
-5684
-2132
-2695
6787
6947
8007
2058
-9991
-6399
-1187
-1276
-1148
-3908
5040
-3648
9883
4296
-9445
7851
-3933
7848
-8015
-5931
7790
2476
3157
-1239
8240
-9708
-1734
5650
-6009
4847
1407
-1909
-8371
3734
5415
1628
-3100
4278
3958
294
-5849
-8923
7380
-1420
725
-1858
4989
-7260
3452
2903
-5644
-2525
-7405
4533
1616
7013
-7689
-5153
5832
-6766
-3892
6449
-4746
-2298
826
-144
3553
-649
-6748
9011
123
-4952
-181
2884
124
-3617
1672
-205
-2894
2746
4943
-9363
3935
-1846
-786
7369
-3832
-2754
-4095
-6086
6114
-5510
-7285
-1914
-4471
9886
305
5134
223
-5688
-7020
-3751
-9195
-1846
6498
-1363
-9607
-2068
2908
-2317
-7694
-2538
-5035
6319
8594
-7648
-9288
-8170
-6289
9699
2635
6196
6753
8423
5205
-7576
310
9934
-402
6458
-5572
3672
-4931
1827
-9982
-2420
2692
-7392
-2280
-365
-896
-893
5376
3356
-4612
-9741
147
7522
-624
6943
-280
8357
8443
1149
-8826
1033
-5773
-2583
5748
-3418
763
-5013
-6892
180
-6883
1787
-338
7242
4947
4679
2044
-5099
222
-5683
-892
-1845
6941
-2480
3595
2341
-1240
5231
-1894
-3401
-5730
-60
9078
-3417
-6999
2884
7179
-1095
-7690
-1635
2879
-5301
9900
-9779
-8123
5146
-6976
3790
-3304
7915
7310
5600
7911
249
5644
-7376
-8643
-8262
742
3056
-3916
-2153
3741
1401
-8078
-6131
5609
-7902
5240
8203
8130
-2081
6773
3726
-3093
2097
-3583
-3466
-9926
-3596
6388
-7599
-6695
1359
6426
3079
4238
9260
2512
-3094
-2432
5950
-5967
1202
5830
-7011
-6581
7492
-9706
-1638
-3023
-5096
-8586
-9127
5976
1905
-1095
1090
-6995
2030
7818
-38
-9800
-4600
8839
-4807
3138
-5468
-1399
-5015
7036
325
8907
-1058
362
-7907
2543
6743
-4984
-5880
7771
6596
-8034
-9543
3587
-2449
6563
-445
3480
-7583
8700
-9219
-3286
1336
9572
6033
-6971
9987
-1013
1341
-818
942
-4962
5779
-6099
1896
-8629
7923
1591
236
-3612
3768
-5483
-86
-6581
-5774
-1773
-6415
-8761
5184
-4410
671
259
-1395
1145
294
1285
9271
9292
6981
-9014
-1527
7424
-3443
-8994
3379
8216
9840
-3883
-1291
-5934
2539
-9075
-3940
1081
-8791
4302
5382
-4
7125
-3918
-6991
-2879
-7353
1502
-8868
-416
-2053
-4543
4707
6130
-135
833
3529
-2814
9251
-6963
-421
6091
-1706
6273
-7269
-2879
5173
6219
1501
-4626
-264
-1555
-201
8563
1038
-7732
-4523
-8570
5180
-4326
-8048
9777
-9783
-1471
-9673
2942
-6145
8521
-3869
1176
9144
-2922
-7801
7390
-6388
-9006
7176
1636
-1931
9553
7747
-9018
-7310
-3342
-8048
7527
126
-7175
784
-7098
-2030
-7193
-4243
-1089
6284
1249
-8726
823
9775
-9049
2327
2371
-1234
6166
-9558
9656
8307
-3217
3778
4904
-9476
-1610
-9129
459
-8205
7843
1807
-1650
3325
4360
-4605
1496
-8577
-7914
6488
-1198
-7951
-8334
-6377
-1639
-6864
5555
3977
-9553
7764
4664
-86
5153
1382
-7653
9467
8301
-2842
-4138
-8360
-6374
4877
-4894
6716
-723
914
3800
-8438
2298
9478
9212
475
6057
-1410
-6885
3147
-7559
8230
-1105
-6851
3200
-7399
-2499
-7357
2928
3666
-1531
2014
-37
8871
-8745
-3222
882
2452
6874
-1685
9265
-3278
135
-153
-9925
7436
8760
-5412
7259
-4383
7209
9086
4044
-2806
288
-8481
-7024
1275
-5591
2103
-4147
8144
2863
672
2464
8797
5501
5236
1492
-692
-6997
4415
-3097
-4661
1151
6635
-1180
4798
1552
-623
9141
9933
1819
-7081
9048
4108
411
-5241
-1905
3016
-836
3223
-7320
5291
43
1823
5488
-6731
1664
-537
-3103
1085
5899
-4103
-5653
-5685
5169
-3339
-3695
3094
7010
-2784
-6243
8886
4073
2138
-5970
4070
-5080
1933
-723
3000
3818
-2579
-4910
3400
-3816
-378
3506
-2232
428
1679
9012
-4143
6622
-1391
-3761
1376
-2214
525
3634
8716
528
5451
-1333
8830
-1664
9005
-2931
-2723
-6939
9894
1067
2049
7945
2611
-253
-6082
-1012
-8360
-1545
7885
589
-4863
3524
-9283
-3996
-9742
3635
-3378
-6391
7212
-210
749
5830
4543
2102
8580
9203
-5669
-6462
8110
-8716
-7324
-1738
1348
2872
8229
5342
1777
-7458
9514
7411
-4728
4537
-9601
-1802
-6645
-9236
2307
-7071
-258
3001
1614
-8811
3804
-7668
-8790
-6852
7870
9485
-3753
6917
9214
-8146
5894
7337
-7860
926
-4749
4652
725
-2815
-5418
-4739
-1391
8750
-3397
-3826
-1358
4621
6863
9782
2216
3807
7047
6230
5848
-2488
-3424
6920
-9192
-6804
3965
4581
-9418
6469
-3874
2869
-9556
9664
1213
1585
-6342
-5629
-1463
-7611
9553
-721
-2269
4269
211
-5599
8582
8045
4526
-1896
-7231
-5157
1041
-5732
9313
4733
-5660
-6452
-3445
-1388
-6365
4864
-4677
-1035
-3244
-8887
-9771
-6767
-2046
-3467
9066
-2659
3693
-7762
-6118
-3723
7043
-8842
1554
-6315
-1643
-6066
6507
-6955
-2439
3281
3784
-715
1697
5930
6712
-8406
-9694
8439
194
-4315
755
6015
8014
-3077
-4197
1943
496
4506
-3483
-708
7540
1271
5042
-3716
-8797
-6285
-6188
-7958
-8035
-7515
-9559
-9620
-6809
4827
856
-4098
9524
7415
7120
8857
-3399
-9528
-8986
3054
1895
2267
9540
-5423
9440
-3207
4362
-1857
-5161
-3098
3625
2623
1183
-9889
-8389
-2383
-8644
-5000
-597
8908
7719
-7658
8001
-7818
-3757
7064
-5724
-8333
8957
-5426
9707
-6897
5845
8212
1975
8984
-4562
3303
-9631
8024
1843
7704
7296
580
5264
-1251
305
-2974
-7089
-7839
-8319
7079
-2325
9721
-4026
4637
-6941
9441
-267
4916
-5383
-5531
-7691
8463
-9513
5093
1730
135
6606
2008
-4551
-9823
5805
8388
-7765
9243
4235
-6680
-1524
-444
3405
9830
9864
345
1643
6934
7739
7265
4859
-2853
8286
-7243
3278
-1704
-7684
7092
-1873
1683
-6435
-1696
-9724
7425
-5771
-6645
1443
-7853
7878
-7512
7795
-5736
1953
4153
5674
-2299
4718
8761
-383
6212
-5170
6187
4005
7295
5654
-5930
1366
7275
-9062
1853
2761
-2759
-6285
8919
8645
3292
-3983
4299
-7795
3961
3493
99
1449
2689
-3990
-8847
1134
3864
-6974
-657
-8845
-2779
817
-7364
4103
7301
7556
6068
1436
-7863
-8185
-5253
-4894
-1433
-9783
-2574
-585
244
-9244
3230
6545
-1112
-228
-6126
-1599
-696
-7422
-968
-2697
-5659
419
-6561
-1482
-2764
9756
948
-1233
-4309
-6203
-7087
-3435
-5452
723
-3847
-7390
2052
8250
-840
1442
-1511
-18
4339
-816
5370
5408
-1256
-3550
8340
-7548
6133
319
-2348
9200
-917
-5186
-3684
-350
-8460
5396
7903
7354
-666
-253
-6466
-9724
9068
-5520
725
456
-5799
5376
-4515
-7220
1273
-2614
-6463
-1328
-1115
-119
6474
-7505
-2588
-7541
-5649
-8814
8367
-2851
7484
907
-1090
-6064
7080
-1556
9233
8285
-3091
9639
-1661
1695
-3692
2281
7239
9310
-1388
6742
-2375
-7774
8502
-5993
-1171
6367
-3239
-2150
-3827
-5341
-8411
5537
-203
4764
1899
-209
4619
657
-120
-6376
9301
-6811
-2302
-769
4910
2027
-3735
-7696
-7561
-579
2852
-6078
2422
-5141
8665
-6400
9582
-1147
7555
-860
806
-5965
2658
1583
5661
2182
9033
6888
-4721
6917
-2728
9860
-2367
-6429
-4435
-9564
5054
63
-4146
-2430
3305
-4383
-6539
-8203
-9390
-2212
9012
3968
-269
2461
-3564
-5317
6527
-3601
-8459
6664
4392
7357
1848
-9448
5546
2932
335
-6387
-2660
-3967
3239
-9695
-5389
-7778
5176
3919
7537
2180
-6350
-779
8548
1136
9417
-2463
-8438
6379
-863
-2306
-7888
3782
2470
-1045
-2072
4810
6968
-4625
6102
-3451
-8938
4923
-4838
-931
-2063
-8732
-1766
6779
1224
-8680
6902
3410
-2746
-2620
4491
3915
7945
-770
2174
-9247
3468
8492
-8356
-3047
-5533
5304
-5921
3783
-139
5633
-3352
7013
8164
6489
5082
2457
-2208
5837
3616
8875
4942
-5795
2094
4273
6414
-4244
4083
295
-854
-1957
9585
-1410
8241
-8292
-8758
2936
904
4058
-6112
1374
5009
-6254
3890
3735
7860
-2250
-3065
1652
3279
6315
738
-9454
3265
6799
2597
-3961
-5753
3076
-9162
873
-2635
3630
3855
-7356
7200
-1505
-9194
7533
-5954
-7100
3997
-9310
1086
-6259
4530
-9934
9690
-6030
-9969
7183
3641
9502
6100
5741
-3822
-6551
1548
6936
-7472
3275
-8360
-1055
5034
7885
3194
-2685
-2059
-6271
-9252
-7160
-5391
1680
-5997
-6013
-8867
-299
-6752
-7936
7306
-9681
-8240
9043
8313
6405
-8035
-9666
8763
3964
-4399
-2216
4362
-3550
7221
1771
5978
-8479
-4927
5542
-4155
8223
3740
-229
6304
-9755
-1167
815
-2261
9225
-4301
-7739
4280
-9047
1206
6091
3347
-3059
596
7156
8249
-6061
9793
2649
1858
4819
7650
6850
3715
-4340
2345
-9302
-7004
-4074
-8559
-4428
-4608
-8727
6098
-8838
3206
-8114
6495
8437
-5098
3098
-2238
439
-7159
9648
3489
-3998
6067
-9909
7399
-5522
8811
3674
-7174
3184
4756
-1595
-5651
3487
2112
-3863
6249
6347
-4766
-1897
8457
3601
-5266
2690
-7807
-2613
9980
-3869
-5255
-3147
5367
6387
5618
8659
4897
592
4804
-4245
8371
-2657
-2032
-2446
6905
-3574
3032
-6168
5468
709
-1976
-5431
-4159
-2430
985
8432
-5405
525
-709
3691
7640
5665
-1991
7142
5386
-7948
-5330
8923
-9283
-9604
-8635
-5866
-4277
146
4095
5783
-7439
-8455
4054
-2224
8825
6257
5839
1610
-1573
7835
3534
5828
-4693
-8372
7205
-6516
9129
2626
9552
-445
9686
9281
-4714
-2385
9862
1577
-5731
3092
-4239
2349
-6482
9009
7022
2317
2908
9376
351
-8637
-5290
-4750
-5046
1215
8095
8979
-191
-1963
6264
-6775
-385
7337
-3864
-6825
8800
-1847
8295
2609
-8936
-1342
8402
7569
5765
1123
-9666
-5046
1776
606
6030
-2410
-5449
-1215
-2661
2207
-7309
-7980
-8839
-7765
6640
-8955
700
-6533
-6010
8605
2901
-2682
-6564
907
-5046
-6159
-7486
-1057
-8794
-5388
3076
-3498
5905
4194
2815
-6824
-3088
8185
1193
2666
851
5645
3760
9384
-8905
4257
111
9665
-3369
-2374
7665
7793
-8028
-4083
5901
-8361
6191
3340
-6099
7851
2552
9026
-2229
-7662
9353
1428
3923
8266
-2780
-9385
-770
733
-1470
7704
-317
-4909
-9514
6150
5486
4079
-4947
-4250
-7624
7913
6080
-3072
-3474
-8986
-3168
-9766
-6527
-758
9593
-5991
-9660
2262
3043
-8254
4987
7177
-7102
9934
-4273
-8485
6561
-2986
-9057
6416
3520
-5382
9151
4102
9828
3292
-3016
7700
-2836
6719
5095
5974
4854
-9217
-9919
758
-3368
-3195
-5636
632
3078
1904
-4709
849
5292
3671
9790
-3458
5767
1215
-8475
3948
8335
-9896
3795
-7369
-9334
4872
-6727
696
0
9462
7265
-5561
-4391
-6610
-9766
4151
-13
-656
4184
-1497
4782
6584
1821
-8552
7254
3741
1488
7557
8345
4479
8475
4431
4391
9938
-1415
4113
-8874
3056
6754
-665
-9201
-8468
5998
-4978
-8925
-1377
148
611
7853
-6114
7583
4574
-6812
-328
2562
-1053
4261
3332
5781
-1284
9607
-9975
-3561
-1411
-5169
6473
-5661
7989
1593
-7882
-7537
4023
-9169
-9096
7983
1732
4085
4235
2795
1104
5160
3669
3461
-8854
-1469
-9475
4802
-7297
528
8797
-8557
3804
4717
7644
-2771
-6039
-6155
-9761
3706
-2838
7270
-3185
-4235
-2782
-4967
-8462
5063
3678
-2433
-4818
-42
1702
3446
8551
4508
5086
-3268
5243
8433
8047
-9884
-3445
4994
-1564
-9570
6214
4363
2734
-969
-1916
-3664
1449
-8833
-3849
-1848
2515
5624
2783
662
9782
8788
-1355
-721
-6088
-4288
