-6982
7893
-6315
-9246
7436
5949
7201
-2473
5876
3030
-716
-4413
-4666
-3120
-9296
5110
-2591
5078
6784
8263
6921
-4267
6343
-9893
-3471
-8364
-693
-7314
2596
2131
5641
-8133
-1207
-9752
-5130
7630
-9130
-3414
-2360
-9789
8500
-4055
-1385
6911
8262
-2061
3462
7309
-4379
-1421
1752
8299
3116
6245
2315
-5438
7007
2545
-2074
-5039
5305
-3796
2145
-9164
-3687
6441
-7284
-1699
8766
-8789
-6848
3349
2132
-4736
6953
-4014
-1183
-6907
7350
7552
8745
2721
-419
4025
1221
7625
-7613
7355
8975
6213
747
6700
-5063
-9109
-7157
1975
-6420
2097
-9170
-6815
-4480
6583
-2833
-9210
-3355
-6216
6120
-5300
1116
9296
-6494
-7516
-8578
-9741
-3177
992
-1987
-6084
2594
-168
-3920
-2396
8143
0
7698
-3827
914
-3547
-6201
-8910
81
9529
2363
-5578
-7653
6854
-3308
438
6724
-5256
839
7764
-8507
-3910
7970
5797
658
-9668
1875
-9458
6882
378
1840
7049
-6733
-8852
-3248
8339
-2736
-5017
5563
-6007
6583
174
8155
5500
-796
-9287
-6865
-9995
-2598
7629
7277
-686
9153
-4656
5047
6740
-618
42
6095
888
8229
1306
-6432
-7548
-6202
3138
6781
7815
2888
5962
-1980
1534
4685
7333
-4812
-1289
-291
-4206
-529
-2181
-945
9706
-9614
4694
-2528
-9149
9337
9254
-2102
-8761
7171
-2118
4754
-9245
-8699
-3501
8670
-6817
-6471
2001
-3767
8615
1054
3055
-5035
1350
9992
-4836
5911
4171
-6743
-532
4085
-7813
2839
-90
450
-7505
-9782
-778
-1799
-559
8110
579
836
9582
-8278
8864
-187
5249
8358
-6903
5563
1143
-9538
-30
7210
4481
9125
-2743
-6457
5958
2535
-4489
637
-3834
7073
6567
9956
-9921
7448
8203
4870
830
6727
-4256
3221
-6743
-2911
-6586
-1106
7561
7793
-9060
6319
-6134
-1875
4222
8409
-348
9985
-7236
642
3706
-2741
1181
1834
-7367
7340
7192
5594
8975
3827
-5613
-4450
3523
8950
4431
2137
-1239
9160
421
-946
-4870
8077
-9167
3487
7365
7187
1737
-4260
4240
6603
3915
-8843
1796
5723
1087
17
7501
6761
5570
-431
-9240
2886
8553
-3550
3843
7115
-6436
-2591
-3525
8116
3765
-8357
-2729
4722
-3621
-1045
-4370
-7770
884
-5440
8833
-9553
1477
3568
836
-4021
8930
5983
-8386
9376
-7922
6550
-1128
-8447
5024
2821
7589
3273
-7475
9572
7079
-3508
3141
7965
-9878
-2943
7311
3884
-5797
4451
5933
1391
1002
-3774
3839
4492
-2950
2273
-7798
-6777
-4217
7192
-5985
-1475
9245
7836
-2374
4452
-3700
-2514
-5269
-4018
3443
8100
-8732
6008
-5836
-2219
-7676
-3936
-6678
1834
-4495
-8093
-5923
-7319
1091
7304
6681
-3536
1902
7163
-9209
-7765
-9067
4679
5958
-6507
646
-3846
-1467
1130
4217
-8068
-2475
1952
6096
2190
-3261
7513
6912
2282
-3932
4332
6040
-6071
908
-1602
4109
-4258
-4626
4451
7233
-607
-7581
-6395
-5029
-3758
1877
-8290
-5213
-6751
6126
-4804
7217
-3236
-7735
1190
8011
8092
-428
-5659
-3809
5684
1507
-5965
245
5406
-7362
2598
-1367
-7471
-7416
7600
-4686
6920
-8535
-480
-3814
-3636
4303
9782
-1873
-7940
-4530
-6412
8749
4983
-1523
-2989
2043
-7802
-8711
-1623
2741
-1865
-7166
355
556
-2597
2473
-9057
4354
-7019
-9040
9170
-4111
-3608
8764
4371
-7116
-5028
5615
6776
2071
-4603
-6222
-8571
-5804
2367
-3257
-2409
5074
6637
4938
1304
-571
-2410
-9480
-9809
7590
2098
-5549
-3659
-1008
3620
-9257
5735
-8970
-6653
-4797
771
6955
8635
-1089
6220
-7684
3049
-9645
-1643
-4112
7087
4313
2012
-1955
-1089
503
929
7250
-9552
-9544
3116
3609
5761
-2789
-5264
7380
5790
9164
3617
9848
-3555
-3251
-3394
4202
5425
-1340
-6228
-5199
7266
-7133
-3173
4681
-4187
6995
-811
3161
8647
-7566
-9270
-1852
-1075
7097
-8457
972
6747
2765
5919
-4455
4268
-5171
304
8195
-3292
4461
-2911
-326
-5213
6339
-101
6670
-6748
8613
5413
6543
-5167
-3953
-8209
6100
9323
2158
4416
2862
-6594
1603
5909
-4407
-1519
-9739
-677
9791
879
7127
-9119
-6626
1758
9513
-8194
8001
2395
1081
7549
-7779
4655
-9214
7107
4134
-3838
-9918
5176
3219
-4986
-4402
5464
3743
9820
-5009
4842
5399
-2547
-5236
4825
780
-6893
613
-546
-6150
5057
3211
6770
-1281
-9982
-4680
4827
3873
-5952
9759
2622
3390
-1343
1950
1303
-6238
-7871
5701
1682
-7402
-8008
6276
-9654
-6215
-3803
1012
8548
-7384
-2288
-5592
-4425
-6052
142
2016
1468
-3389
384
-4564
2677
8115
-1574
9334
8692
5102
-5867
-9360
-2327
-2933
-3855
-54
4754
-6483
-981
-4390
7972
-1925
1286
2196
-6340
-3075
-661
6594
-4331
-6432
-131
-2437
-9083
7032
7043
7396
-2451
-3534
-312
8029
1370
1501
-1530
-1827
-8757
-5230
-6649
-7126
-5209
-9298
-2380
-7563
-8009
2975
-3682
3724
6179
-8063
4135
-6397
9461
-7112
643
-8325
-7288
6242
9227
7401
-917
1434
-9873
5338
4334
-2162
7734
-8505
7361
-1983
7584
3603
9885
1307
-492
8631
-4424
-970
9905
-8006
5765
6569
-1641
-5381
-8605
2072
-8337
-3607
-923
-3258
-8280
-2469
2779
-2532
2921
-6999
2184
-1033
-719
9376
-6320
-331
-8038
-1655
652
-6737
3752
-3363
5975
6086
8659
8161
1531
9508
-8002
970
-2926
-4024
9161
-1016
-6086
7604
9718
6391
7674
6923
7616
-8719
-1259
926
-2119
-5704
-903
-8495
5635
-2070
9795
8112
4137
-7374
4684
1741
-4816
6905
-7163
3289
7380
-9484
4668
-6141
-4371
-8032
-5143
-201
-1314
-5250
-982
-8995
-9383
-9778
355
7520
6823
9350
-2330
6437
-4492
-9677
-3358
8841
1530
4632
-7374
-5195
-8938
206
-4906
3382
-7218
7056
1353
4085
4077
8137
323
-3464
9232
6191
-4047
5742
680
-4071
4199
-8096
4030
133
-2452
5709
2993
8146
6708
-7288
1243
5696
329
3758
4841
6109
-9437
2273
1055
4710
-5269
-6168
7250
569
1557
-1411
6965
2753
4185
2930
-605
1831
-8429
3164
3177
1643
-5107
-8890
-4264
-8809
6236
9096
-4604
-7986
3096
204
5024
2495
4156
-1459
-6777
-2679
9258
3801
-8120
7655
-311
4632
-2645
5576
-6343
-3905
-3326
4953
6198
-2103
-203
-9833
-7190
2179
4366
-6049
1754
2299
-9720
6084
1184
-2669
-1943
5851
4238
-9052
7109
-7151
7668
7918
-2075
3115
7785
-3433
-4395
545
1236
-8549
-8757
7184
-2468
-3205
2400
186
5270
-1591
4221
-1873
4625
-594
-1279
4840
4981
3366
-8681
-4962
8426
-2484
-9064
-7236
-2600
-1953
2795
-8985
-2109
9863
1506
8936
-1625
3855
-3869
1551
9058
6230
8584
6257
6036
6460
2098
-9843
596
3099
-2558
-7193
5179
32
1107
63
-5608
-394
1955
-3560
2024
-6306
-9399
5793
-6908
8878
-697
3059
3797
-2240
9153
3482
-8417
4829
6147
9918
2589
-7641
7985
3731
4350
9500
9428
245
7950
6009
5627
-4156
-4338
-8991
-9958
-9452
-2335
-3286
6395
-2731
4557
7202
2561
6904
1169
-6819
8400
7080
1552
-4938
-797
-8425
-4944
-1284
-8202
7310
-945
-9004
-8715
6285
-4875
5383
2980
985
2418
-7978
6327
3458
-5570
-8983
-4604
677
-6408
-7021
4023
1784
1780
-3353
-7270
6392
4335
-176
-705
7407
134
6921
5126
-3353
917
4077
5613
7081
9368
1113
-5847
1544
7296
8529
-3207
4623
2837
7280
7241
-8328
-1309
-749
-9522
-3021
-7791
-2844
7258
1677
2536
4010
1506
-8756
13
4359
7962
-7690
8733
2161
-1643
8953
4348
-6522
-8994
-201
-3809
-3914
900
8983
5234
-7355
5216
6359
7587
-725
2624
5386
7014
7138
-6165
-9324
9290
1108
5574
1479
-3694
-3388
445
2194
-1568
-6568
1180
6530
-79
3544
9260
8022
4057
9003
-4807
6352
-7773
5437
498
6306
-5700
6867
-73
4153
6392
8403
6548
4884
6566
4770
2004
-7049
8974
4670
-401
9046
2639
3671
-1181
5897
2303
1611
6483
7245
-4298
-5576
1917
-4181
4113
-5139
-8609
8569
1192
1728
-9512
335
-1132
3108
-7804
-9186
8466
5403
3183
-6155
250
7134
1067
2983
-4784
4085
1455
-7263
9244
679
5084
-8968
-8403
-8588
2630
5138
-2706
5717
7566
705
6016
-218
5908
1532
8965
9710
-4207
-3727
9529
-8256
-507
7584
3566
7426
5855
-988
817
4141
2071
5478
206
-5102
297
-5751
-1328
-4972
-3185
-4878
-4287
8100
-706
801
-6037
8499
1144
-8468
9878
3917
-8959
1627
-1974
-2551
424
-279
-2522
5994
-7934
-451
9438
9399
-1181
-6568
-8461
3030
-6830
6832
6118
5413
5495
9045
7273
-7886
-8305
2482
-5280
7234
-620
-9037
1154
4658
-4170
-3928
-5733
-7333
685
9843
4595
-2479
-8360
1938
-4033
4342
2380
-50
-3343
-3096
8554
-7446
6186
1874
-154
7025
5266
7575
3967
4941
4518
-7443
1888
2931
-8634
5027
-7282
-1095
-6102
631
-8680
8454
-4502
-6867
-7907
-9029
4736
210
8329
-9446
-8790
-5128
-1912
-7200
-8
1960
-5191
5428
-5204
8716
-6375
7951
-6825
8587
2888
3664
5790
8249
-5573
5791
-3798
-770
-4177
-1123
-2326
7601
3254
-3590
-929
7832
-5501
6094
3266
268
8197
-4666
8314
5551
7707
1258
4212
3898
5746
-8113
-3837
2318
9415
-1837
-925
8630
-5675
33
-2598
7602
-8755
4148
9436
-8448
9001
-4498
-4156
-4546
3344
879
8479
4864
-6936
8068
7393
3933
1850
1553
1524
-9683
7198
2752
-8359
3959
6180
840
-7072
-2478
1916
8843
8959
-2296
-5686
-1094
-1153
8677
4005
502
5020
-8423
9299
5836
-9727
-2673
-7363
-2172
9736
-6114
-4841
-2221
-4167
-6290
5885
2183
2520
-7740
5437
1165
-1216
-5728
3330
4610
874
-9093
-7455
6292
7657
-2068
-4536
-8811
-5786
-7214
-8851
-3359
5014
-3324
-4399
-5865
9914
-3237
-6227
5226
3762
-6940
-5015
2482
3504
4847
1842
-5688
5481
2187
6809
-8829
9991
-432
353
-158
214
755
9843
-7609
-1764
-3420
9389
6876
-7818
-9259
7378
-2039
-4634
2571
-9339
7399
872
-9696
2186
6630
-6852
-6447
-7683
-3198
-8062
9482
-6802
-4919
-6708
-6386
167
-9621
-2600
-6737
4610
-3500
-6355
-792
8584
6162
9557
-383
3106
-4493
2199
-945
9242
5416
-1905
5044
3922
-6690
-9098
4751
916
7148
4834
-4756
-8569
1879
6208
-7870
8544
-2084
-4447
3465
4979
-9008
-1701
-1501
4740
3311
-6620
4121
5636
-3030
-4017
5782
-8014
-7599
3157
-5753
4616
6924
-830
4683
8685
-8505
1274
388
-980
-2640
5905
-67
7280
8538
-9606
-6533
5642
-9051
-4096
1695
-2338
-5530
3544
-748
8514
311
-2437
-6784
-5954
-7121
7005
-3040
917
-7388
-9649
9797
8528
-5725
-3523
3612
7543
-6155
-402
9158
-474
-3694
5953
6681
-2488
-3423
5571
-1720
8318
-3738
-6241
-7353
3972
27
-6152
6809
1852
7172
-4770
4011
-9062
-3726
-1101
2075
5067
-6159
-3558
2354
-6870
1450
-2154
5839
-9099
-9851
8490
27
-539
-4276
-3644
-2183
1201
3933
6736
8037
-4086
921
-6379
-3925
-3265
787
4499
-7285
8493
9589
-1633
9367
-490
3118
-4370
-1249
-8040
4356
-7147
1496
-4397
5758
5429
1146
-4944
-8598
6823
-7223
-8303
-5505
-5649
-6298
-2091
-3132
8335
8680
3540
-1179
3971
6590
2335
30
3461
-9279
-489
-4758
-365
-9406
738
2075
1771
9707
7525
2480
9278
-9397
-5702
-5694
9583
6370
-1555
-5125
2836
-4066
-3826
-5411
-2089
9514
4235
5348
1733
53
399
5893
-2910
6719
-5968
-5787
-7137
7288
2189
-4273
-5003
7699
-3636
5213
6555
9100
361
332
855
5379
698
-4948
2943
-2511
-2435
2416
1549
4784
-3472
7813
-3781
8135
-967
-3694
2419
-5196
-6790
-9469
-8792
-9196
-4453
-698
9477
2926
8742
-8699
-8283
9670
1330
-6903
-4988
-2009
690
6209
5124
1046
2565
4065
-6482
-8913
-2522
6433
-7361
1181
-2757
-3744
-86
9617
-6783
1844
-274
1644
-7959
-4067
7005
4652
-5692
2431
6085
-5099
6940
-8537
4130
-3367
-9001
3872
-294
-2337
3272
-2596
3962
9499
-7889
8584
4404
4568
-4073
-3394
9401
8323
6128
-1408
-4691
9787
-4614
-835
-2475
531
-3134
1520
1765
-870
-9689
2049
2542
5796
6910
-3944
2070
235
6388
-1778
4700
4651
7029
8203
-451
3399
2116
9113
-2891
949
-5224
-5346
-5632
-9346
7268
-775
7433
-1805
-9527
-5382
-9422
-4344
-5307
-3246
-3612
-5128
3774
-3587
2822
1949
1204
9002
26
8816
9026
-9826
-7836
-7783
-1792
6449
7725
5714
-7376
2989
5501
6068
-2169
-5709
-7129
-8174
563
-2203
-2010
8946
5198
-4721
-1834
-4010
-622
2372
2972
-254
-7407
-7316
2513
-9014
8702
-269
-1182
9716
-3788
7223
1444
9360
8625
-3717
7172
-9800
1174
6763
-1960
-6250
-9945
9048
2027
-8161
5537
-7356
6281
6840
1305
-1715
-5894
2773
-1001
-8558
-6193
-9038
9077
-3153
-21
-1564
-3017
5995
-3979
-7517
-2919
-7409
-9615
535
-4172
4527
-1513
-8992
-9530
5175
-2790
7762
-232
-8294
9597
-1493
-703
3574
3570
5840
-4584
-9552
-9563
-1575
-803
-4369
6451
9484
-5539
8300
-6182
-129
-7487
5985
6366
-6174
-9747
7233
9416
6948
-1960
3690
3477
-2078
-978
683
-3011
8310
2619
5870
4634
7882
1389
6645
-5393
-2973
-7240
8720
-9213
-7771
4907
-9335
-6142
-4174
9522
2194
-770
7053
-6677
-2442
-1015
7795
-5176
9706
109
-6470
-6748
-4332
-8108
-2376
2421
-836
-8323
-4589
-6010
2513
-9999
-6529
-8283
-3324
3728
9019
1146
5634
8878
4507
7650
-745
3662
3374
9811
-2519
6605
-5755
-5178
7834
4656
-7004
7965
8153
-8147
-5280
-896
6946
361
-9026
5819
4841
2585
-8410
-5108
2383
-4385
-5123
-8200
-8223
7371
-4747
1246
-6850
7594
3089
882
9545
6246
-1958
-4914
-927
-3137
4139
5959
-2453
-6920
2591
-5319
-9647
-7197
6614
7981
8497
6405
-8569
-8406
-9568
2829
2223
5533
8720
647
-7079
-5674
8457
-127
-404
9581
3131
-5270
3560
-8166
2711
7597
-8604
-5934
8696
-5
-8211
-9860
1315
7757
2320
-1922
5196
-5611
-6660
231
-8473
-797
-9436
281
-2844
-5121
-6785
444
-6011
2949
344
-8681
5733
5041
-5618
1566
3216
-7232
8030
-5109
-5601
-217
-1745
7811
692
-4220
9491
-6797
-2729
-5852
7038
-8082
-8126
-7542
1215
-2504
3876
8153
3020
7544
3444
-9462
-7208
9363
-785
4618
4890
7170
2127
-7736
-6669
3545
2936
1945
6148
-1278
1426
-579
-612
7920
-3560
8776
5706
-901
7574
5625
-3001
1384
-8227
-7482
5730
7831
1044
-9690
-4630
-4678
1092
-1340
-3164
9046
-5044
-6134
-5171
9384
-9425
2845
-4317
-5031
-3315
-1615
-3406
-2744
7581
2652
5069
9156
4019
3470
6954
3140
-5124
1045
-8414
-7367
-7815
-8447
-6571
-5362
-9208
-1574
937
1208
-6923
2180
-4499
2753
-894
-4736
-4040
7080
-6998
-285
-2529
4689
-2509
-7761
7477
3017
289
3921
-3958
-9812
-1640
-135
-6995
-7735
-921
-2143
203
-2926
932
-5466
3445
-7592
-9376
-7439
5973
6718
-1652
2952
2794
6370
8426
-7034
-6387
-4863
8670
1887
-9017
-1220
-1456
-5507
-142
424
3570
5228
4910
889
1395
4786
2763
-7801
-6421
-4735
-2263
-7760
-3619
-9957
1730
-6193
-6324
173
1549
-7688
-4338
-9617
309
-7055
-1924
4632
3432
318
-1582
-6285
4333
1445
-1960
5554
-9936
6378
1910
2557
-7022
9882
1531
9862
894
2260
-9320
-6743
5326
7750
-1464
-3738
-5028
4900
-9782
-7929
9997
4876
906
7997
1536
-9105
-3583
-2445
-9560
-5207
-9489
8481
9406
5183
-2850
3712
3469
5774
-5426
-3174
-4718
-7907
7298
3362
-6415
-9787
-8031
5174
-3977
2007
3549
-3822
-9283
8093
-642
4793
-5039
-8219
-9693
-9155
3910
5196
-9048
-7086
-2628
2193
-6966
-4204
8566
-8201
-9239
-2771
-4863
555
344
-2029
9815
-7461
1129
30
5705
1752
1200
-5934
9580
3154
-3594
8922
-4592
5862
8518
3710
9926
-5203
-4420
6083
2242
-4401
5520
-967
-9736
-8354
-7322
-6997
-1855
1758
-3840
-9925
1006
-7512
8798
-7325
-4102
9864
5953
-9512
1209
-8003
-5435
-3827
-9307
6253
4528
-7013
-7162
2403
-3125
5585
-8543
6758
6250
9000
9187
1251
8713
-9755
2023
-3776
-9786
-8032
47
-4030
5911
-1774
-2804
-7958
5969
8766
1210
932
-336
-9973
3831
9916
-3735
8660
875
7716
-1393
6442
1965
-4946
-6809
4303
534
-5711
-676
7521
6103
7007
8995
4176
-7076
3789
9077
4620
-8272
-8676
7937
960
4620
8620
9611
-7543
-2882
-3731
-9499
5277
-4162
574
-4150
-6855
-4459
-2235
6286
-744
-4955
-7339
8316
9159
-2085
794
-3100
9379
-9063
3376
3091
7169
-9000
-9558
-4790
3054
9370
-927
8169
-274
1211
-9198
-7758
-1618
7819
-4812
4
-3286
-873
-5078
8092
1554
4954
1984
-899
3557
4768
-5972
8145
-8662
7896
5533
8460
8108
-1278
-806
-9040
-4878
4735
-366
3719
3191
9215
-6313
-874
5938
-5099
9384
8812
-3262
-9840
-823
9426
-5053
-5053
-7924
-4027
6482
-9674
4017
3641
-1174
2335
6166
-6080
1146
-1357
6800
6316
6513
4801
3970
-6965
-4898
-4245
-6605
818
-5247
7872
8834
1382
8435
6906
-9339
14
6921
-1882
2448
-9623
9370
-3796
5045
-7099
-5455
4719
-6974
-6043
1020
7378
-731
-6492
6017
6913
57
-9949
-594
1072
5306
3401
-8093
-75
-3698
-1793
-5304
3791
-3148
4131
1367
-3071
-7213
-7822
-7376
8536
9492
933
9056
9647
-2550
-8676
-1960
-7755
1762
4016
-2953
-4865
3170
-370
7542
94
-4676
-1224
1176
1367
5880
6181
3140
-8268
-2563
1246
-3734
9164
-1546
5929
3921
9562
-6059
125
-294
-6937
-8910
4564
-2354
-5902
5957
-8290
-2184
8710
-6130
-3667
-755
-3480
8491
-949
4458
-670
2220
8623
8163
3475
-5829
-8334
6354
-1116
-9040
-7859
1508
-5786
-9705
7155
-5447
-5539
7664
523
4954
-4847
2406
1000
6507
-4488
996
8191
8349
1909
2598
-4062
8201
2474
4783
293
-2011
3917
5748
7188
-9195
-7608
3466
-6442
2503
-8306
1888
4870
1290
4094
9682
-8120
-5692
-8176
-2093
-28
-8548
-9494
9648
5472
-6416
-250
6801
5151
-5175
-9307
-2932
7413
6723
5447
7658
6728
5908
-818
1259
6418
-3801
-7945
4599
9193
1173
-4824
193
-342
3835
-7444
-2140
-1459
6312
-792
-5823
-5546
-5620
-5444
5231
-4209
-847
9827
858
-7313
-8604
8272
-2947
-3017
2733
-2100
-2748
-3272
2361
-2214
-7034
1008
7946
1097
-480
745
-5014
654
-6367
-8408
-9758
6132
-3822
-3808
-8336
5939
5612
4752
9832
-8637
-4549
5320
-5977
5755
2609
-1937
9820
7301
-7535
1531
-5470
393
-8699
3064
-8236
-2378
6999
416
-2900
2118
-5072
7126
-6920
8260
7472
-9716
-6336
7693
-7132
-3893
-4241
-2852
1904
-3965
8650
-5261
-609
-5859
844
2201
1519
-4822
8321
1980
9797
1860
8126
-9898
7715
9852
-3059
-1529
7139
-602
5513
-6512
-1907
3651
6708
-8122
7744
5508
-2487
9093
-7735
-2901
-6599
-9112
8716
9100
7297
-5556
3115
596
-5275
1833
5647
-5456
-8208
5685
4243
8657
-6738
4598
-6282
7072
-5746
4092
9288
4293
-8975
-2099
-9591
9575
3770
3877
3821
7337
7540
9013
3013
7166
-3838
-1151
-4469
5556
-1589
7999
9158
812
-4283
-9488
-6615
-7620
-3657
-8432
3541
-3641
2223
5177
-8512
70
1549
6597
9083
295
-7261
-7340
-1674
2151
-6493
8403
-4309
-1432
-7413
4174
-2891
3946
1025
-6129
-5143
-208
-5031
-8063
7912
5035
-7447
-5523
3264
9162
-6284
-1862
7314
2465
-6286
-689
-6366
4417
-1415
5789
6246
8543
3983
3164
-4000
-9828
7565
9068
-8262
2037
9492
-229
-2385
-8053
-4339
5724
3293
-3383
-6106
5273
-5305
-3780
4590
-880
-449
-4644
-5741
1984
-5793
7843
2848
2498
-4007
5135
-6071
-2456
8894
1130
-9398
3030
-649
9758
9313
-474
-6250
5969
8873
8257
9445
5626
-7448
-9414
-2848
-4742
-2573
2469
4145
8786
-2973
-5770
4827
5024
-9123
5625
8169
7183
-2353
6270
-107
3521
7405
-7631
-8598
-3044
2874
-7943
7148
-9333
9579
-6249
7460
6583
452
-5429
-5175
-5876
1719
9193
8186
-2272
3768
3421
-7985
-6645
-6744
1311
-5203
-3396
-9180
-125
4951
8000
2545
-8843
-8636
-5324
-7261
-2042
369
-8128
574
-3545
-8648
2552
-6195
6726
9145
-1061
-961
417
-7100
5864
9936
3766
8404
-7428
-7777
3715
3565
-3012
-2425
-4966
5315
-5563
7142
-2812
215
1425
9953
1076
-9232
-5680
1399
-2141
-5206
2658
2660
-5267
-3859
7237
-6780
-4160
1637
-5657
-4508
397
-8654
9140
-6900
4710
7061
-6375
2522
9896
7389
7570
-8467
-7069
6922
-5561
7345
-4904
-8395
8556
2265
-1098
2850
4607
5455
2292
8808
6113
5529
-2803
-7145
-4441
707
-1551
6535
5652
721
8602
-2988
-1483
7813
4413
7599
-2362
2959
-8504
3933
5962
-2176
-4876
-1846
2822
2980
-2821
8721
2206
8567
-8059
4468
-4632
-5160
-3293
-1885
-8083
6959
-2859
-3393
-4775
851
-8172
3526
405
-4812
5676
2253
6038
8226
7581
7666
4503
-2313
-5736
-1176
-45
-3122
9149
-4524
-2120
-9138
-7096
-2867
-4348
2817
-9461
5063
-396
2533
8862
-5232
893
6619
7671
-677
-218
-6970
-1758
2409
-4042
1394
-6565
3994
1117
-5086
5207
-8735
-718
-262
-2661
2800
198
-6747
-6091
-5130
1607
4083
-2737
5422
-2644
-6571
3245
3398
-4
9939
-4045
8981
8916
8414
-528
-6266
8030
-3554
-184
-1263
666
2469
6804
3490
3512
3716
2556
-1280
6383
-6763
1030
2164
13
1399
1308
7980
231
-846
-3740
-2337
-6415
-2061
-2234
3166
-3131
4152
-141
1369
971
4964
1940
-6853
-1906
-3397
-4342
-24
-9369
-3733
1088
-3645
9840
4460
512
7279
-7067
5839
1423
-3425
-1625
-6472
4287
-5865
809
-5615
-4848
-2120
-482
855
8361
-206
-2774
-1193
-9551
4399
-306
156
2701
-7210
-9199
4074
6917
-4354
-7331
1256
6608
-5378
5860
1965
4128
-6910
795
-9518
3202
4402
-1690
6107
-4173
-1309
-5429
3975
2732
7687
-6382
-2215
7361
-8923
9379
-9148
-5228
-2305
8246
1970
-1080
-9902
3195
8208
-5593
2111
855
-1996
2177
5435
4127
-5137
-7542
-6321
4622
-5578
2885
9976
1590
-4142
4856
7791
-3014
2338
7026
3664
-52
-5393
1209
-4737
8155
6867
-6919
-1481
-1530
-5310
-2329
3531
-5304
1026
-1990
536
6405
-1771
4169
4427
9562
-8433
9503
9155
7006
-7201
1079
-8225
4835
-8795
2089
27
9362
3825
5422
-3007
8570
-3321
-303
1755
-8189
-5575
-8337
-4098
2024
-2888
-7786
2326
5828
-345
-2812
4959
8622
2119
-1354
5936
-5854
7085
7539
-9898
-9027
4109
-5558
5913
2005
699
1479
-3581
-2714
-5748
5584
4431
5309
-9968
979
-8160
3483
-3460
-3022
-5269
4537
-8472
-3806
3059
2371
9420
7782
6546
-1756
-5949
499
6885
-3833
9424
-8815
426
-5037
5515
-4314
5228
-6259
-3717
1281
1688
7348
2576
-7617
-3077
-1132
3954
-5452
9663
-2622
-9644
-4232
4593
842
7006
-1422
2974
6469
4132
-8321
-246
3778
-3146
5580
6527
9287
9949
-6825
-5632
-4085
7255
-6736
-9079
-4871
6120
-7365
-7948
5268
-6461
689
-1
5673
-7438
9483
-2877
-7068
-4966
-8382
7209
2934
-91
8592
4721
409
-4886
3004
6512
6262
-4631
9477
168
-7780
-1649
1150
8522
2191
7277
-8672
813
210
9204
-6862
-2421
-4010
-4715
3977
-1480
795
1703
6102
-9526
-1272
-1837
-134
6040
1548
-5402
-8082
2508
8682
-3860
7111
-4555
-1603
-8607
-101
-8392
-9077
9760
8716
1845
9807
9748
5063
-3812
3916
2185
-1957
-9424
-768
9684
4556
7471
6927
-3075
5588
-8928
2215
-4941
-187
1958
7114
7917
-2839
5620
-590
7759
7030
4771
-9909
3930
8546
6199
1896
-955
3519
-452
2816
-5760
6706
-2379
93
7541
2539
5612
2612
7528
-7375
-9850
-7394
-1717
-5828
8108
-8830
951
5864
9831
-3660
2308
-5180
-8193
-2646
1353
-4107
-299
4192
1214
-7096
-5698
-2383
5551
-9694
-9871
1665
6163
3350
-735
7898
-8346
-5032
1439
-1264
5765
8426
-4504
5781
-1611
6187
7047
-1717
2312
7517
-7539
6782
-5655
-9
-9680
7422
797
3422
8009
3567
4135
8585
-6657
3073
186
-2263
8985
1945
3392
-948
799
8084
1387
-7092
-9554
-7545
-426
-5591
7182
-762
-8623
3541
4161
1379
524
2063
528
-6524
7934
4530
-7878
-9995
-2265
-244
874
3668
-5582
8599
5757
-4020
-3722
-5906
-3349
237
-909
-9182
-3454
-4442
8347
-8291
7204
7
-1627
2700
8758
-9398
-7637
8155
4661
8554
8537
3404
9991
9141
4616
4604
-6673
7425
-4731
696
232
-6682
-4642
7429
9841
2537
-4443
-826
5144
-6423
6344
-9261
-7746
-4913
-8648
-1614
4264
-7121
-8262
6967
-8715
1299
-529
8392
9835
9808
9364
-4451
1907
-7663
7171
-4641
-3032
-5620
-5771
4830
-1502
-9277
7877
-5234
-9167
-4607
-8696
7215
1755
4568
-3515
-5209
1588
3128
9483
-7315
-9437
5956
8726
-2530
2741
-3753
3691
-9258
-2968
4812
-5992
-9808
-6336
6713
-2906
-4145
7904
-5422
-3771
5121
-8057
1548
363
-3510
527
-8979
1976
9111
6282
5279
9934
-7183
6611
-9495
590
-8297
5652
-8129
-7767
-6858
1953
-939
5541
3783
5402
8
5815
4167
5353
8570
-8440
4455
-3978
-9485
-1642
-4855
-5100
1399
6997
-1252
5268
9793
486
1018
-5136
9817
5833
-6302
9348
8035
3353
-5406
-8641
1501
8832
5405
-6116
6124
-8044
2872
13
7499
8255
-5370
-9668
9972
-8875
7567
-6172
-6072
-4392
-6473
-1416
-3823
6142
-5074
4444
3781
-3126
-8937
-8559
-2200
4939
4918
-5004
141
4672
9732
1669
4101
-6156
-5151
7797
7141
1812
-8884
-2667
-6939
3806
-2474
-4998
-9999
-4313
-7104
-3877
512
9062
-1004
5513
470
7963
4865
-5637
-5289
5207
5987
6277
-1018
9006
-3463
-8586
-9814
-1387
-1915
1213
9892
-8476
-6060
-4827
-330
4141
4767
-4040
-8923
2854
8135
-634
7965
-6886
-7673
1649
4268
353
3083
8351
-3435
-1499
-9192
-4103
-2587
-641
-4592
-9889
-7151
9256
-3998
4243
-4585
8152
3649
3175
2693
-9224
6586
-9793
570
9395
9560
8124
-9688
-6570
1498
7199
9025
-7521
-931
-566
-5827
-3908
7612
-9554
-5401
6260
-4553
-1676
-7198
-3326
-7208
-7807
-3718
6597
2264
-7676
-693
6563
4410
8324
-9254
-1813
-1265
-7728
8458
-9052
-1603
9646
-3805
-4869
-4994
2428
5141
1985
8923
-3978
-1119
9672
-20
4428
8021
-3266
-6250
-3435
-1382
3580
-758
762
7235
-3146
-4615
4078
-5380
1633
5679
8496
-47
-8030
3059
-3026
-2014
-8370
-9639
-1082
-7372
-6291
5650
6846
2168
410
6267
3848
3761
-7689
-9396
-5086
7748
318
2425
-5733
6017
-7191
8956
5544
2846
5575
-8933
2021
-8484
-7289
-8510
-9972
5501
3006
-4657
251
9126
8131
6166
-1130
-666
6578
-9799
3298
7584
344
-8151
5719
-1162
-9804
-5996
-8252
3285
-302
8444
-8792
5613
-1774
-6557
-6643
-3448
8846
8504
-118
1883
-1830
9362
-4481
5220
-7756
391
8398
-7391
4984
-3971
-9984
9368
3885
-1925
8235
-7456
-8550
-8528
-4270
6026
-9807
-2365
-8908
-458
4100
1426
-9966
-2329
-9936
5553
-9805
460
9097
4485
4553
3365
-1023
8873
-4308
976
-2429
-8957
6009
6336
9150
2306
7367
-4346
4833
-6416
7845
-3148
2677
-7641
-7144
-423
2928
-9089
3339
-5790
-378
3561
4582
7891
-9009
-6108
-4095
-3347
7993
-3134
-6409
-5434
-7155
5298
7280
-6933
7570
-4676
3530
6732
-3703
-8688
9315
-4724
4541
-2928
-7082
-4117
-6409
7288
-9943
-5249
-1110
756
-1031
-7695
7472
5336
9843
-7419
-8515
-6577
1121
-5951
-7705
-3687
8079
-3474
2841
-3993
7509
6764
4670
3801
6447
3974
486
6438
-7434
-4263
3047
-7364
-791
-5362
-3097
5498
-1032
-3543
742
-404
6334
1822
4987
-4533
2108
-4966
1824
-1215
-9869
-3929
2978
6659
324
-5199
-5674
-671
1117
57
5824
-8090
-932
-9576
248
-2059
3787
-1496
4915
-5884
2227
-4142
6769
-6063
-1965
-8006
3164
-3122
8794
-2541
8169
-715
-3116
8483
-2639
-6659
-1902
8607
-7132
1262
6260
-8658
4775
-6685
-8208
7136
-4926
293
-2503
7781
-4054
-6261
5804
1930
-4544
-9435
8281
6431
620
2574
-9553
-14
332
-4022
-7265
-2023
-1212
-8795
1912
-9705
-6204
-988
6359
-2378
-6224
-4565
-6688
5856
2257
5102
-3506
-6775
9336
-9876
-1478
-9855
-4178
-9912
-5929
7949
-2305
7593
6979
-602
-3994
3321
7282
-8768
-9473
-5174
-7326
-3015
4191
3994
2927
-3068
9775
9586
5527
1263
-9696
-6700
6123
-7562
292
494
-1661
-6823
6176
9968
-5939
7620
-8731
1177
7552
-5008
-7003
1771
4548
-2599
-1635
-6470
-9019
-3563
-2619
-9419
5007
-3180
3529
202
-9232
9621
-4572
-6452
-7348
-7618
-5556
-8635
-5292
-965
9289
7979
1548
-1461
-9441
-4149
-5803
-2026
5652
-7504
-2766
-6866
7660
-8269
1984
7698
-9373
2066
4648
-9380
-2084
-3579
-2078
675
467
-553
18
-3101
7391
1382
-4060
-5784
-7423
-9334
2458
-5407
-2076
1507
-9571
5852
6284
-2921
5947
-7402
5390
-5737
5246
6752
7794
1612
-2598
-1283
-8774
8661
-6469
-5454
-1186
-8261
-8443
-765
9252
9147
1568
-8151
-6729
6804
-1661
-5767
-5339
4486
-5146
1831
-8403
2227
3439
2496
7204
-3293
9609
-2844
7024
8215
7808
-5182
5466
-9797
-2083
3625
3344
5521
-3248
-444
-5779
6055
-289
4837
8597
5849
-5656
9241
-8191
-8344
-216
-788
-5884
9473
3851
2087
9478
727
-6942
5695
-6586
-2343
-119
-2778
-344
3779
6291
-533
335
2443
2960
7469
-4884
-5876
9437
4000
-9056
1399
-7777
-1501
5952
-496
-5145
-9221
-1392
9892
-3054
8205
6357
-5597
7586
3015
-3302
8467
-7398
5090
8140
-6857
-5136
4685
8399
7926
-7842
9539
2925
8827
8123
1225
8054
-348
8309
6764
10
8205
-4364
3199
3509
3798
7351
5277
-8188
-2440
9048
9277
-6089
-7126
404
-288
3873
-332
-8036
9849
2404
-6642
2681
1812
-8637
6924
3824
-2393
8180
-7141
-3494
8429
9055
714
-2759
-3586
7351
5459
-1210
348
6691
-7899
-7964
4794
-2924
-7231
-1339
-9220
6734
3911
-5851
-4628
2401
3312
-4043
7334
6421
-705
-7367
-3408
-9725
-2214
-3718
-3701
-8904
6845
-7054
8038
187
-7200
3331
3093
-9236
-2660
9737
5684
5871
654
-5823
7658
-3180
-7791
7317
-1586
7553
7744
8246
-1334
915
8771
1044
2126
-833
-834
5650
-4639
2893
-7651
-2197
2747
16
2112
-4388
-9158
-219
-9667
-1208
4506
5310
5609
675
-4358
-7250
8255
-7180
4772
-4947
-798
7382
5411
-5962
-7035
-6685
1795
5727
-1840
-840
1549
749
-6995
-2754
6679
-5789
7756
-7907
-1401
7517
-8789
9169
-4091
8417
4239
-719
-2754
-5037
9677
-1415
5771
4058
-4961
-5496
6728
-4088
-7891
3836
-5028
-7952
5811
-9110
5514
6314
-6308
715
6826
5945
6873
-4716
-5942
-7173
-6489
-984
7279
3903
-3360
4018
-1544
-5980
9629
-4786
165
4610
4613
-9197
8852
-2862
1879
-5517
5964
1628
1504
2431
1399
-2614
-7522
259
-4575
5609
9090
2987
-2375
-8306
-491
-5468
-5625
8840
7352
-7710
9
3906
3364
-2893
1029
-8437
1495
9255
7615
3344
-8768
-3008
2148
-5467
-3579
-4127
601
3711
9701
-5845
-639
7250
-8774
2535
7439
-5719
550
-5172
1983
6338
-8689
375
-6342
328
-178
8575
7652
3510
681
-8643
-4034
-5262
5237
315
-2874
7585
2000
-8203
-9453
7784
2046
-4477
-5446
9990
-2997
-9973
9389
6983
2384
1789
9555
8220
4819
3906
3446
4020
-1793
-5055
2434
6707
792
8874
-3509
-9337
-7096
2983
-1137
-471
3387
-7734
-1539
-9351
1634
5934
5356
4449
1748
-5426
-7867
-528
-4508
-5065
1855
2700
1487
3366
-8033
9038
9577
-1315
-7222
3997
-8713
-9434
-1071
-860
23
-9525
2834
1213
-2099
8805
131
2706
99
-5976
8945
4178
2102
7527
7125
-3242
-9575
-8708
4604
7054
-6801
-5428
-8352
-3933
3414
508
-2013
8743
4670
-6064
2693
-8576
6988
-2422
-9835
-9238
-1517
-4605
-6318
-503
-2327
-888
4722
2079
-9274
-3280
-6381
-3772
-1868
-9751
5123
5302
-3928
4169
1007
-9282
-783
5490
1157
3745
-6313
1964
4393
1553
-8368
-4252
-9216
-6241
2159
6463
-1654
2525
-2733
-189
8702
-8166
-3986
5713
8707
9709
-4709
3421
-2021
-9122
1405
-9891
5928
6830
3081
-5820
6073
5171
-6451
4845
-9650
-9103
-2935
5477
-8440
8412
3495
-136
-1773
5041
3553
7637
-7089
-5671
6791
-1978
2322
-9495
-5355
9517
-4371
-5690
-8358
7149
5930
-5233
9276
-1281
-901
-8517
9128
6726
-5877
-2284
4494
-6348
9450
-4267
-6949
4874
-8924
2852
7045
5627
9781
9083
2024
6362
-2728
5463
330
-5804
4068
-4107
1328
-2669
5436
-5272
6829
3946
-3919
-2640
7163
-2551
-982
-8300
-8934
-4073
9641
-5279
845
-4823
2058
-9883
-6819
-8046
1539
-9336
5533
6884
-5751
-7991
8208
-5059
3463
3368
3063
5479
-9956
-4963
-8888
-6486
-5768
-7376
-6524
9286
5617
-6472
-7305
4075
8698
2527
4802
6855
2518
155
-3590
8535
-5389
-9868
5690
-1585
1852
212
-8798
-9089
-6190
-5409
-1537
-322
7795
-4548
419
1009
9035
6170
-4828
-1323
4293
-582
-8106
-1641
2707
-365
4216
1371
-6241
-8765
-733
-5356
-991
1448
133
6695
-8393
-176
9627
-2188
5574
5221
-5883
-3231
-4559
-4540
-2452
6054
-3871
-5115
7848
-7031
-7270
-9329
-9392
4891
420
40
-1793
-6436
-4197
-2610
-3542
5536
-7273
-7093
5471
-6388
-2012
-7664
6515
7755
-4672
1380
2539
-7166
9720
7582
-3617
-4573
-1786
-2420
7799
2157
-1555
8233
8048
-2001
1398
6418
9177
4635
1167
4204
3943
-3957
-8863
3567
-8013
-8553
3433
8033
7959
-5876
6406
-2657
8131
-1314
3616
-4329
-6520
9178
-3066
-6087
9226
-4386
6303
-7768
3517
7589
-843
-9693
-8736
129
-6374
9623
-6984
9203
1386
4667
3354
2109
8365
8032
8436
1437
-5457
-1795
-1865
357
7641
-1785
4645
-8270
9781
8315
6445
3840
-8960
6545
4249
-8495
9311
-2719
3807
-7066
-8010
9753
9392
9863
1781
6059
1331
1369
6213
-8655
1142
208
-1480
7562
-1403
4585
-3906
-3364
6517
8010
-8017
-1087
1090
5194
-5217
8333
-1764
-7102
2719
-2877
9794
-8738
-1132
9656
-2721
3298
6196
7632
-4521
8106
3430
6929
-6676
6812
-4191
181
-4687
9303
-1665
8592
3149
4546
3405
-8537
-5676
-2369
9567
2602
-7937
2585
3628
-993
-677
-8359
-5562
-841
8473
-1177
-6544
-4264
-2137
-1460
4513
-9276
6615
8350
3218
-319
-200
-873
-4944
6275
-2407
-4411
434
-1731
4041
-4554
4855
1751
-6259
6413
-7184
-8334
-1938
-3102
-4779
-6350
-3574
-1595
1741
4612
2761
5474
2021
7724
2358
-7494
2534
1209
239
5847
-454
-283
8482
-5774
-7115
2112
7080
-8992
57
-9880
534
-2377
-4258
8576
701
-846
-2156
-122
-4657
-9725
7972
2812
-8631
2527
-8401
-992
-8054
2421
-8833
-890
-2558
-6089
3964
5086
-8395
8489
5889
5173
6424
1499
2056
-6454
-8206
-5785
-4318
-1877
9413
7809
7816
6755
4252
7547
-7792
4629
1515
-6624
-8008
-6196
-7848
-3458
-2200
-392
5807
-9084
-9392
-2011
6500
2472
6784
2963
3414
652
7717
-6090
6796
1307
-8119
-1213
-2695
2528
-6711
1157
-3912
-8178
7047
6521
2355
5998
-9933
6534
5459
-6500
3028
-1518
-731
3095
8185
-8227
8026
2444
-2983
3245
-5047
-4511
-8588
8689
7564
-1497
2695
-686
-3115
-8767
3842
8727
-8216
1814
-7992
8539
-5914
-8103
-9165
-1133
5391
1962
5001
3737
2267
-4194
-6923
824
2953
7960
9037
9963
-4287
8065
-2456
-4496
6708
-7749
-6266
3890
-6492
-6908
-5768
-330
-659
6951
-7061
750
-7343
-9644
-7534
6768
6850
-4500
-9926
3285
5692
-979
-4383
8870
-8463
7976
8186
-7837
5341
2195
-1943
1678
253
-6787
-8992
2320
3843
6502
-6822
-440
-2082
5993
6402
-5336
-531
-2335
6310
-7450
1444
-7546
8452
-2382
7850
-2187
-8649
2278
-5890
1962
-406
-2074
669
-4797
-5038
-1222
5476
-1378
-926
5202
-679
2082
-2874
5138
6911
-9352
9072
-339
-3916
1363
1918
1926
-2178
792
-5174
-2515
414
7843
-2686
8361
2653
6016
79
-6714
-7082
-5345
7857
2172
3728
-353
4174
4105
-5401
661
9016
5111
33
-5816
-7872
4413
3935
-524
-2939
6057
7003
7978
-5973
6568
-612
-4149
-6706
-1327
-2616
3977
-4965
6162
9909
98
6440
-4423
8277
-6239
2385
-3261
1014
-3738
2053
5956
4404
5038
655
3314
9030
4756
-7250
8602
-7293
-4172
-8334
9152
1058
5146
8109
-2686
8340
3535
329
-4722
3262
9798
8037
611
-2866
2097
-7238
-2859
5039
4098
8479
2718
4623
5434
-1974
7903
-8343
-6080
-6746
-2226
6695
386
9779
2813
2949
6086
-9135
-5773
1956
-2649
9196
4097
614
-7521
114
-8657
-9114
-8185
-4516
-9161
-8258
-6451
-6660
-5186
-8144
-5007
-4689
3293
1100
1885
-8881
3388
9089
-3228
7470
-3920
9786
-8424
7241
3501
-7351
9164
4133
-265
2819
4064
7805
-6155
-4470
3467
-5004
-4964
-6754
6165
-6743
6832
-2083
-648
5660
9593
-4665
1009
-2810
-1092
-6285
9057
6561
-8877
4449
-2447
741
6671
-599
4906
-6206
-3100
6154
9405
6422
-9262
-9700
3356
8154
3784
2177
-1361
194
-5670
-5650
3770
3703
8335
5745
5328
-4371
8505
-1571
5119
2229
-8580
3929
8470
-1021
1020
7338
8817
-5115
6808
9532
9031
-1020
-9248
507
902
-2631
-1843
-9872
-9193
-9774
-5361
-3490
-8255
9945
-6100
6822
-204
3937
-899
450
-3490
-1343
-5564
287
7787
4941
-7121
-5687
4559
-943
-8889
6702
-9120
-1282
3268
-4637
-8994
8756
1431
-8882
-1369
-2685
2666
-7354
8629
155
9947
-9125
-5479
-2033
-2576
-3308
3320
9677
9299
6610
-6537
-6749
-4073
2492
1325
4801
828
3462
7041
-3387
-2128
-9183
1413
-4729
-746
-9958
-7814
-7928
-8312
-2018
-9765
-230
-9168
7744
4006
1951
-7942
9100
4038
4408
-526
7968
-1558
-8549
-5507
-5070
4955
-5658
262
-135
-4512
-6094
8908
-2611
5070
4864
4829
-3866
-1347
5532
-841
-6198
-3541
3282
8041
9493
-8617
3517
493
-5027
-9586
-2088
-9557
-2630
-3863
6262
-8145
-2843
-5949
-4464
-4066
-2580
6823
-385
5025
-7005
-2502
-6383
9085
1418
-9698
-2081
-2491
-8474
9888
-1369
1607
130
-2344
-6295
1175
2308
7329
6830
2379
-3277
-9077
-5146
3545
3758
1086
8764
-9498
-8692
-3989
-6942
3730
790
-852
3891
-4147
4173
-2514
-7580
9945
1802
-591
-3392
-3452
-9691
-4063
-8006
-9440
-9882
-2353
-9972
7815
2791
-6375
1122
-4357
9958
-1479
-1179
1695
7583
-880
-8623
-9063
-8013
2770
7469
2044
-2617
6624
-6048
-8753
8575
8834
5244
4281
-2962
-9317
-3688
5161
-6220
-7909
-5756
-5670
-1857
2005
-3053
8085
8199
9918
-8181
6227
5380
-4942
2046
5524
-6300
5772
-6296
2823
2198
3191
-7069
-6421
8179
-9498
9202
9054
8383
1939
-1935
8601
-4648
4096
4731
-7780
7122
6250
8474
2957
9726
6049
-2924
8735
4125
-7688
403
8872
1772
7584
2661
1784
6389
-291
-5957
-2720
-6582
3901
-5823
-630
-6824
-5431
2149
3663
-1084
9679
901
7175
-3208
-540
7373
-2197
-8831
6016
-5988
-4304
-4263
688
-7841
-574
-1398
-7978
3260
6129
7807
8731
-9986
6670
2644
-728
-3711
4416
-4272
-7499
-8027
9341
-9098
-7703
-3030
-2050
2905
-6860
7115
3920
6125
3357
4044
-5640
1840
8044
928
-7756
-4012
-5345
-3576
6841
2836
832
377
-9154
-6161
6231
-3525
-4519
-4472
-2037
-519
2892
5429
-7283
7605
-951
845
-2316
4239
9661
1734
-2833
7480
-3333
-4033
2033
735
3544
2948
-4841
3223
3859
-144
7598
-4757
9494
3704
7378
-112
-7609
-8046
-4281
165
6883
-5374
3871
-1439
8394
1599
7864
4623
8733
273
8206
5412
8183
-9233
-3157
-6454
256
-1441
-5309
-1986
-3742
-2303
9610
4074
3673
-8269
-3091
285
-5070
-6021
2311
-6910
1247
3974
-9274
2337
4
-7297
-6681
-5251
-6495
5725
12
6614
2014
-9784
4930
-8219
-5423
9788
-1756
6594
-2577
9094
9438
9444
-8371
9295
4236
9428
-736
-5119
294
5914
331
-7369
-4854
-1189
1671
4207
-5955
-2019
-6699
-4629
5017
-566
-2256
6819
-6243
5837
3516
-5682
2015
9335
-4781
9146
9624
5816
9594
-6275
2590
-8525
-629
-8056
-2524
4900
-5056
-1230
5750
887
-2368
-376
881
-4176
-2295
-3633
-4341
8691
5353
3817
7537
-3397
-6554
8392
5766
9334
-2824
8774
-4326
3310
-2422
7399
2644
2378
-6536
-8830
-8843
9946
-587
9906
-7218
5143
-3749
-8105
996
-5796
4860
7327
498
-2437
-5856
2398
-6034
-7015
9662
-368
-9814
5559
659
-6824
4046
-3528
-9820
1815
-8882
-5730
-4580
-3015
-2634
-5405
3633
-1771
7973
7471
2690
4343
8381
-5272
-5232
4905
5322
-5509
6671
-6097
-4035
-5576
-9082
4881
-738
-9012
8046
5287
-4864
-1958
-7615
6678
-5598
4869
-8800
6946
5099
-8936
-9888
941
9400
3722
-3415
-3373
-665
-9039
7597
-4623
-732
5069
-2339
-2969
8417
-1587
8994
-6972
7632
-4240
6902
-5768
-8733
-2275
364
3981
7158
-8135
282
-8556
-4442
254
-3969
5579
-8646
-4644
-5275
-4298
-7047
9692
6972
-8775
5933
8933
-2055
47
-99
-6982
-6771
-7155
-7048
-4686
-4844
8788
-321
5960
7275
7089
5943
-7679
2079
-1579
6390
6775
286
355
-798
80
-1276
-8222
-3383
-2798
8283
-7283
-517
1665
3381
7989
-560
-5601
90
5817
-6736
3535
-8722
-4167
516
2691
-5937
4817
7816
7062
7372
3065
924
-1035
-4457
9485
9249
7494
7701
-728
-3520
-9461
-8018
-5513
5775
1684
8776
-5125
8231
9328
7709
3972
9355
-9099
9453
3814
-186
-8866
5265
-9484
-6047
-9930
-5270
2524
2408
-6090
5291
-6480
-6401
-261
-4052
2770
-7043
-6218
1889
-2878
8460
2137
6819
913
-3617
2706
-4561
-7282
-7885
7627
-246
-8806
7490
-3450
9805
-3846
-1737
2883
-8059
-4386
-6747
7462
5887
-5320
-9972
-2864
-4382
7980
1215
-686
8485
3741
105
7800
-7998
-5300
4664
-9911
8409
-1329
-5085
-8197
-6674
-85
328
-9990
6799
-8605
999
-6015
2435
7522
-736
9258
-6388
7187
-3163
8839
4390
-2310
-3345
-5912
-2782
1575
-1698
-3036
9549
440
-8771
-4796
7063
2488
-9046
2550
-7446
-6146
9974
-2831
-3647
7687
7370
3204
-3293
-486
-1119
2740
-3280
-7410
-7284
8466
-1852
-7271
5410
-9098
1805
8555
6781
8340
9335
-9860
3366
-7535
1724
-3301
-4367
-1845
6243
2278
-4085
-7968
-4634
7336
-8847
-8898
8749
3645
-2578
-9822
-7513
108
1617
-5241
8659
-2082
-179
4662
2528
4889
1525
-7056
4822
827
-5774
-5502
-7864
8540
-6087
-780
9789
8302
3473
-4275
-1669
-2404
3317
-6625
-2530
2462
6313
2685
9264
-8048
2603
-2783
6247
-6969
-1062
-6344
9537
9644
1881
-9002
-3024
-3253
4572
4661
-7980
7784
-7318
-3195
-9641
2347
6794
267
3132
9747
5619
245
-6873
-6287
7331
-4762
-6474
-6335
4724
6748
7469
8752
-6002
5825
-8848
2332
6678
-6180
3198
-3423
9508
-5446
-1379
-427
-1884
5573
-2928
598
-3169
-2666
1849
3176
9232
851
8746
56
1844
6699
1928
9448
6874
-8694
7790
7627
-1079
-9976
7165
9489
-4666
-9276
-8754
5631
-9780
6553
7260
2251
-1959
1934
-3840
8457
-5660
-7967
-3443
-5539
-1649
-7351
-3451
3762
5045
4830
-1656
2493
2654
-3456
-740
-9972
5791
-7697
7134
-3744
-6025
907
-1834
-6937
-9280
1317
-9117
-9805
9300
7192
-8843
9003
7860
1672
127
-8544
-1190
-4194
9385
6423
5194
-3680
-4066
321
-9763
-8549
-6810
5109
5351
-2830
-6310
2967
6543
-9651
-5789
-5918
-424
-9685
4621
1648
-9888
-4315
8072
-3551
-3295
-476
2027
-7634
-8311
-7409
7145
-6338
7852
1799
4180
5105
7234
-997
7827
6757
-7513
-6142
-9161
6720
-9086
-6291
-8227
-2848
-3348
-6657
-4675
-8451
-2559
7935
5557
-5400
-1042
3602
-879
9834
-8064
-8229
8200
4839
5123
-4143
946
9009
-9453
-8200
1028
-5447
-3280
7602
-2742
7972
9
1213
-696
-3798
4852
1043
-3869
9369
9354
8786
-9907
306
4448
-9572
-8526
20
-8025
-1991
5818
7754
9892
-7933
9525
-5484
1248
-7280
7941
-266
-2312
-4099
4596
2110
7907
-9445
245
7834
6851
2423
6004
1938
-7617
-9445
-3837
-8079
-7255
-6200
3148
-3313
-9683
6252
9594
-1641
-4938
-6996
689
-236
-5573
554
3673
-3861
5640
9795
778
-3959
958
3787
-3050
-6475
6838
-2623
-5714
1280
-6103
1174
-8578
2766
-3850
8563
8006
-9719
5182
1129
-8128
5463
-2208
5261
-255
8873
-5933
659
-9026
-3824
6924
126
-1696
9772
-6102
9216
-386
6842
-2749
-5796
-9743
-2554
-544
-2668
6882
-427
7679
-622
509
-7988
-6901
1350
-822
437
8736
-529
-1422
7279
-7103
594
-7092
-8226
-5528
8818
7552
2985
-9038
8299
196
5641
-9479
-7872
-2324
-3657
-4821
2623
-7924
5956
-5948
-5508
-8476
2937
-7465
9092
8637
-8072
6282
-4670
-7291
2070
-2734
-9227
-9470
342
3290
5134
-4927
6632
-8003
7533
-8656
9281
-4195
8818
-5666
2570
-4895
-9312
-4752
-9142
-6316
4509
9118
8041
-7504
4399
9404
5557
-4211
-8391
3341
7312
-3002
-9896
5562
-4276
-9053
6958
6900
-497
3573
-4643
-9673
824
721
-7096
-3390
7245
-6440
-6635
8519
2014
-329
6155
4359
-4680
6147
4576
9088
8632
-6174
1181
4412
-5616
258
-3365
8066
4158
3064
7055
-3160
9822
-4902
4042
7956
-5751
-1902
1505
9016
841
2516
-6177
-1938
4404
7778
-8948
2122
-134
9418
8581
5182
-149
-2591
-8966
-5356
7312
-6585
3199
9123
5231
3798
4345
-218
1815
-66
-3418
2504
6655
-2299
2736
-1254
-8984
-6044
4719
-715
3713
9427
-511
-3116
-7058
4626
6423
1480
4015
-1757
7296
-5402
3094
5909
-1943
-1491
-2161
-8667
173
9996
7306
1506
-1403
-1354
-4532
2981
3239
-4763
5448
7238
-8668
-2998
-5214
9689
-817
-6470
-3930
9086
-6448
9513
-8271
1955
5251
8720
-2958
107
-9456
7372
-8858
-1626
-423
4428
2285
4418
-4779
-8626
649
-7198
697
-5292
-339
1457
-286
-9392
-4912
-9732
9058
-6851
111
8719
-9739
-5036
4113
-7666
4359
-7609
-6894
6172
1717
-4101
523
-2378
-2444
-8990
8504
-9436
-7001
-5076
-8098
8192
1354
9720
9865
-7190
9832
4260
3156
-2507
8009
3838
9347
-3330
6073
9108
2505
576
8278
3986
-789
1925
-12
6005
8539
-7725
-9656
1956
45
244
6782
-3293
879
4067
2535
3718
-9221
-3043
-6287
2043
2059
-4701
8673
-3500
-9438
-3078
9138
5219
3172
-491
9882
1913
7583
-2293
1785
-1003
-9116
-8489
-8325
-7940
-5084
-1725
-8383
-3774
-1612
5982
165
-9410
-1525
-3614
-1411
8158
7859
3227
-3801
5649
7129
-7095
627
15
-2985
2844
1277
6676
87
6244
-2820
-1741
7350
-9026
-5944
2003
-8378
5106
-348
9014
-3400
-8139
1292
-786
-1804
-7225
-4960
-7912
3058
-599
-7981
-4794
-1919
1114
-5870
70
-5722
9406
8828
7914
-1441
-2493
548
-3080
-2230
-1732
-4967
6649
-9248
-7071
2016
-4455
-3744
-1260
1599
3009
-2803
4358
-9858
-1220
-4933
8523
2614
9305
2209
9720
49
-6754
-5749
-7626
-6829
-3539
133
-1418
6200
-9465
2989
3441
8465
8348
1562
6797
-4273
-4825
-1125
-5497
7931
-5516
2578
8285
5606
3816
-348
-5143
-6716
8087
7128
2180
-5013
5118
-18
-6479
-5760
1394
-2422
-1476
9035
-5239
-9186
-5529
787
-4765
-6450
-9272
-4422
5055
3959
-5381
5812
4793
4109
7985
927
-6407
9401
225
6921
8507
3371
5858
-3850
399
-2021
2451
1278
-7922
4627
-1770
-9821
8027
6975
-2235
-7712
4535
-6949
-1169
-8964
4065
-8800
3885
-8038
8282
2068
5534
1528
-9505
7171
6983
7775
-9870
3462
5632
740
9366
2922
834
7863
5230
6310
5294
7639
-784
-8927
3632
3376
-9143
4806
-8592
8133
1735
7692
3159
-8178
-7959
72
-987
-8097
3073
4553
6021
-9774
5940
6008
2509
-9656
-716
7367
-8349
-8076
-3048
-5715
-6126
-8067
339
-2449
-3215
5842
-498
-1450
-3924
-3638
-7825
129
1101
2068
-9543
2905
4875
-6238
1216
5327
9744
-7448
-1872
4769
-2761
336
-9164
-3547
-6571
766
-201
7176
9558
6748
4210
1641
-8178
-858
4758
595
-6130
576
-7004
-7978
-9089
-1868
4763
-644
5305
9177
-3670
-6085
-9937
-4302
-1096
2752
-1072
-5734
-452
7610
-525
1081
4819
-4107
-780
-5425
7121
-9678
-6286
-8345
-6797
-9592
-9631
-2126
9242
5899
-7931
6724
7584
-9952
585
8723
6515
8846
1386
7048
-3709
-8717
-1350
3260
2208
-4734
2122
-6026
8607
-6023
5893
7363
-3481
-1718
3298
6962
-7992
2200
-8202
-499
2306
-9487
-2932
3350
-7505
269
6460
4627
6734
1204
8599
9192
4931
-5902
8064
-9593
8301
555
1962
-5019
5356
-7076
8622
2152
3684
8869
7760
-4897
2234
-8503
6150
-2256
3868
-6946
3159
-5171
8573
-2195
-3505
8910
3998
-1910
58
-6305
1880
-3584
3021
161
-3572
6020
2086
-911
3908
2520
7334
1729
1400
52
-3874
8864
-2865
6736
9290
-2180
-5189
-3652
9084
6819
-63
-4226
9446
-3469
-2464
-8919
5584
-128
7415
-972
-7818
-7270
-4261
-4675
7324
-9249
9805
-3831
-7300
263
6633
-4624
-248
5028
5458
5832
-3922
-5221
9152
1072
-3185
-3673
-9689
455
1613
-6467
3973
9683
-561
-1450
-9173
-2623
-9367
3475
-7652
-2041
8478
-1086
-7665
1234
999
-6045
8209
-77
-2192
-9343
-257
-2228
-3523
-4611
2965
-7045
-1703
9241
-7432
4122
4215
-9812
7501
-214
8323
843
1234
5638
-1508
7301
771
-1056
-8435
-2971
-3408
-5641
-6024
-3316
-516
1261
7770
-5638
9628
9193
-3334
5042
8309
-5012
7183
2835
3281
2875
5746
-860
-4937
7130
4359
-8081
3366
5801
4528
8053
342
-6457
-7944
8080
520
1807
3713
646
-3970
-4591
905
2561
143
-4039
5156
-365
-7849
4632
-4434
-6700
2275
-529
-661
-1453
-3478
5753
3082
9771
-1622
1757
-5230
-7090
-3356
6965
-5890
-5406
-3036
4789
2488
2000
-1702
-2207
2763
761
-4984
-242
3899
2478
298
-3980
-4269
8263
-2821
-8839
-4868
234
9843
-8548
6428
8983
9649
-1626
6124
-8219
7934
-928
-5184
-6331
723
9801
-2363
-8483
-696
-805
-1338
-180
4973
9661
4406
6178
6313
7173
6882
4295
-7024
2515
-2373
2827
-8743
241
-9281
9505
-6426
5583
4985
1700
-3435
-5911
-6571
-3010
600
3947
-8579
-9781
-2702
6723
4179
7220
1036
8724
8859
-461
5447
-7805
6883
9444
6554
3260
8059
9907
-9546
-8195
-341
-9582
-4622
7457
-9154
-3786
5421
-4691
5608
-4156
-3547
-4718
5888
-9971
-6555
9755
635
3335
-7173
5561
-3780
-544
-6433
-1508
9000
-9252
6251
-8894
-8249
-6854
-9255
-2041
2311
8709
9908
-3704
4922
-212
-670
4798
2658
-8850
1246
-1864
-7267
-591
-5503
-9095
-4413
2703
-8133
-9072
-6647
7810
-8923
8972
3634
6758
-3582
-413
-9510
459
-5759
-3896
-3905
3032
7432
-8292
3750
7191
-8499
8106
-4237
8468
8098
3448
8167
-5991
472
1978
8315
290
-122
-694
-8873
-6643
-8156
9251
5064
5050
6958
-9117
-123
9145
-7967
7688
-5229
2485
4449
4692
-2189
7893
-5054
3971
5229
-1976
2335
-5901
-7226
-7688
-2673
4925
307
2767
2083
-4521
5539
-1368
-2873
-135
3181
4754
7883
-6342
-8305
4028
-637
1654
1431
375
-518
6716
-4857
-4537
-1100
-971
-5282
-270
-1456
5245
-3618
-3725
-5367
-2199
-9249
4773
5504
6124
3818
-8166
-5499
-6524
230
4068
8863
5891
1279
610
-4196
2906
6483
-7008
-6119
3803
9951
1959
-9743
7517
-9508
-6800
2617
9646
7918
-3024
8256
5722
-2974
-9813
2270
-3620
-4455
3729
1781
-2923
-7454
-7221
3778
2707
-132
-6791
-9570
5765
-9360
3376
-2375
-4387
-3783
-2676
-11
-4016
5646
-7226
-1193
8000
-9724
5259
8026
-3177
181
-1599
-2090
-8554
8767
9537
-4049
-803
-2707
9783
267
9211
-8024
8105
-8001
-7582
-7084
-9918
122
-476
6328
-6218
-5429
-7005
9346
7533
1777
4275
182
7378
-9582
3215
-4568
-4418
4660
3151
-8898
-4169
7090
2114
4203
5601
-5721
-1683
-2246
1685
4123
-3613
3603
961
6008
-288
-5332
-4771
-7586
3840
1071
6321
-6350
6042
-6950
5639
-3773
6940
7648
-9052
-242
1540
-4138
-7568
-2710
-943
-7690
9905
9627
-6417
350
3587
5445
-9024
2263
-8085
-4050
1238
6250
-8368
5283
-9759
9852
7765
6065
9804
-7145
4048
-6760
-9072
-8166
-1963
8750
-8544
-6839
9302
4596
-3584
-8303
4032
2532
-2957
-1723
4847
-5184
2732
722
-9321
-7554
9124
-9682
-1579
4724
-4943
-1497
-4708
7218
-8671
6989
-1045
3918
-5040
-1370
971
-6213
-5876
6030
-1566
-8082
948
-9773
-1493
-8820
2035
2772
-8962
1474
9904
-8949
5587
-9372
-7562
-1032
883
-6505
-8007
-7131
-2847
-6080
987
6125
-5303
-1936
-3385
4790
5732
6929
-6271
-8474
759
965
-8018
5281
-4442
-9726
-8964
161
422
211
5896
-1441
-666
-5942
-6619
-9249
3557
1989
307
-3944
-8562
8650
4073
9083
4243
-9495
-2763
8670
-3572
8443
9002
6854
-1974
-8833
-1369
501
-3358
-9424
-1503
-774
7087
-8444
7726
-222
7757
-4467
1360
-702
4630
9655
4515
7676
-3902
1596
6147
-7307
-5162
3768
-7116
-9275
-3437
-9896
9797
471
9707
3603
1993
7526
-5040
3468
-1330
3560
9098
6950
9484
5453
3597
2883
-7927
6926
-4669
-8570
-898
8079
3963
-2284
3361
6658
-1350
-4250
-9709
-1010
-4691
3499
-1320
8207
-5116
9925
2363
-7272
-7025
-9507
-1559
8939
1635
-1081
788
8530
5271
9774
-8404
3251
4324
9165
-1777
7595
2762
8783
-2204
-6586
8414
-7601
7825
-431
-1228
-6677
-2495
-5630
-848
6284
-8563
8957
4939
-2083
-4835
5678
-4854
-3749
-9759
-2856
-9359
-8495
5460
8808
7102
8045
-9583
772
144
-9564
-2213
-7002
-1930
5390
1436
-7875
6262
-4316
-1000
-2129
6506
-7742
9523
-7732
4403
-3732
-506
5999
-1517
4173
-6113
-7391
-4213
5820
-7270
3654
387
-1981
-1690
5616
-6303
4236
3262
-7091
8421
-5205
-4373
-9631
-8435
1400
3344
3323
-3762
-5224
7738
3674
-3257
4897
3213
-3606
7051
9526
8672
-7597
-1232
-1311
5100
992
1517
227
3320
7823
5966
4708
-3930
2970
-2240
-3234
-600
7546
9213
4305
-243
-2833
4833
-2957
-4770
-4132
-3321
1520
-7932
-5014
-4049
-9061
-9108
-1839
8400
-4872
-9042
5777
-7155
-1579
-4631
-9976
4473
-8601
-4685
-4805
-2467
-3794
7217
6922
5746
-5458
-6928
8777
-7139
-7534
-8627
4977
-9208
-3223
3604
-6106
-1872
-5990
-335
8656
-1979
-5010
4482
-1669
-8865
-4603
7588
6022
6737
5928
-2315
8649
-7030
4448
4955
-2722
-4008
-3127
-4672
-3425
-3125
3584
2980
7288
5045
-6224
9987
6595
7511
-8527
5372
-2205
4264
-6233
-288
2958
1951
-5586
-3979
26
-9705
-5969
2788
-688
8734
1926
868
-6607
4331
-6027
2342
-849
6302
5986
6507
992
-2698
-7352
5848
287
7159
8384
3123
-2397
-9177
8393
9640
1555
-945
5626
4339
-9106
7720
-7381
3483
-5057
-436
5856
1540
1537
-9037
-5268
-4703
-8636
5339
-2757
-4740
-7076
-5153
95
1105
-6744
2405
-7713
-8786
6213
-2776
8039
-9714
-7774
8805
-2498
-6461
1369
6639
1827
1208
-5057
5928
2910
-7160
9951
3184
7558
7324
5467
-152
-9169
-8393
-9704
-3092
3944
-1197
-2765
-997
8401
-5418
851
-7406
9924
9786
-7101
-461
-6743
-3343
-7682
-5246
2059
6319
-4781
-5349
6890
5887
4346
-8355
-1324
-4921
-2788
9250
-4939
4180
-2561
2169
-7306
-2060
4769
6272
-219
-6739
-4169
-5566
106
2465
9933
-4016
-7726
-1528
1972
9865
-3954
3414
-1955
4579
1406
7996
8382
-8365
-4571
-4668
-3032
3418
-3004
-9920
-2460
1294
70
1301
1578
5237
-7492
-4159
5536
-7620
-713
7930
-8269
-1363
-3465
213
-9842
-5119
-4104
1675
6928
-2795
7552
-1357
9163
9337
-5421
6545
5834
4576
-8614
2093
-618
-5552
-5428
8291
3920
1777
5859
-2075
-7592
-3015
-6384
-4857
7366
8168
2037
9270
7546
-2150
-4861
-9811
6468
-7672
-3422
-9577
7721
-6893
-4390
-4548
-3252
-5811
-5410
886
9077
-6187
-5974
-7234
956
4768
7479
5585
-56
-6525
-9516
-8492
-9827
-5189
-4772
-6107
9881
-3029
5784
-1711
7225
8690
7572
-4999
-5494
9742
-977
8648
607
4859
3499
-7778
6813
-8891
5136
5868
2112
9229
-6438
3818
-9330
531
-669
-3046
6384
-7239
-5572
2909
-2777
-9386
367
880
-4418
9622
-9872
-5928
9875
5743
9642
9162
-2627
-2781
-534
9168
8583
-9885
8033
3849
9439
4465
-5972
-9994
9144
-5953
-2561
3009
8725
-435
-3745
-9579
-1813
-7656
-999
8775
8605
-6313
-7968
-4682
9579
-6407
4914
-1955
-7808
1831
-2768
-710
-7069
4186
5825
914
-5016
7213
2692
-7627
9932
-4089
744
-3108
-4962
519
7053
5520
-822
-9063
1431
4024
-6094
-9668
-8074
-6634
-4750
3024
8208
955
-3493
6074
-1152
-3123
-7313
-1228
-848
7045
3146
-217
-7555
-6562
-9396
7764
-376
-9410
-8108
-1938
-690
6988
-1367
-4599
4078
249
-5485
521
-3006
-4256
9894
-2717
7117
-271
-5834
6046
-7398
135
-8299
-1057
5735
-9166
-1957
-6792
-4569
-1524
9724
9778
-290
-5058
3198
6171
-6902
3008
6257
4994
2096
7975
-1271
2389
5631
-6162
-1628
-5595
-3243
8974
-7459
3451
-3051
-6600
6592
1901
4922
7322
-4126
-4615
8217
8974
9826
4418
7684
-1284
3815
9756
2485
-4131
7260
4243
-3580
4960
-5011
1881
-4880
-1152
-7103
-6518
8073
-2356
-1361
7502
9432
-5657
-6527
-5495
7245
-9183
2284
4220
1972
1084
5419
5219
2073
-7302
-1827
9051
6968
-8322
-8403
2969
5816
-8473
-8266
8400
-5686
2747
3516
5931
1131
-4374
214
1806
605
6179
-298
-4210
8970
-7257
-5277
5772
-2353
9089
-4040
-9451
9061
-1229
3882
9013
7897
-4941
8210
1298
3934
-9097
2269
-4553
1302
4238
-6402
-8235
3429
5319
-8118
-3734
-7029
-5131
610
4482
-8358
4459
9817
-2601
6143
-6150
3856
2384
3281
3995
344
-6285
9901
8866
4258
-311
1358
-5459
-5375
6274
6092
-292
328
865
-6812
-1785
6237
3974
4893
-8663
1246
-8477
6646
5097
-4280
-4097
-6510
-3727
-2561
-9926
-6378
-309
2367
5739
7313
-1112
9362
-6052
-7345
-7541
6428
4518
-1717
-809
188
-759
7662
-3514
9955
3102
-470
-1334
3113
-2411
4746
-5609
9490
-9330
-8972
-4245
-1035
-888
-5976
5527
-1219
-9428
-4402
3556
4841
-4752
8429
8568
4754
9854
-257
7318
-548
313
-3571
-438
4920
3800
-1242
4311
-4096
-4393
-9356
-9486
-558
1823
-9428
-6348
-2404
4908
-717
-1411
-3953
6002
7776
8651
-2051
-4849
-7634
1006
-9002
-1368
2285
9278
9669
1170
-299
-4287
-5674
90
2098
-2695
-5754
-1722
2531
-7094
-7483
3356
4599
1727
7393
-8449
5849
7477
6874
-3493
-4152
7010
1117
-4374
3296
7472
-9261
9531
-9662
1774
8155
3849
-8381
-1367
-6201
6760
-9360
-9535
-568
-9407
-3369
-9897
6644
-8713
-8587
-4388
-9704
-4412
-2370
-8625
3829
-7342
-2774
3233
-3813
4069
2230
-4447
8598
-5806
8632
8983
3478
1596
8557
9021
7503
1258
-4030
7602
6163
7358
-3242
-7422
8102
-3201
5334
-6736
4124
-5214
-3211
4142
-2047
-4495
6153
3392
3654
-6680
4421
-1939
8102
-7121
-5138
3507
5949
-9859
2419
1161
9258
-9414
-5904
-4277
-5716
-4295
8865
-9435
-6116
4386
-8143
-1576
-4446
1905
-451
3387
2375
5978
-9870
9734
-3101
6690
-3592
-6638
-3451
-4899
-2624
-7664
3111
3968
-1057
-5490
8652
3200
4373
2245
5528
2622
593
-3106
-939
-5006
7846
9069
-1886
3465
-3010
4555
919
-723
-8653
391
1434
7968
-1927
-9292
-5125
5277
-2160
7802
222
-2424
1003
-9726
2154
5896
-6573
-2807
5243
7462
5825
-5176
9146
-5830
6693
-9128
-4833
3520
850
10
1727
4270
-6897
-5912
-863
-3547
9689
572
-7490
-6633
-1077
3534
5750
-8238
-3096
-7007
9228
5709
4087
416
9144
-530
-5766
-9128
-2547
5204
8507
-4338
7905
-7579
-5671
3112
-4136
7885
-8766
-151
-2512
6969
3966
9977
7246
-9472
-3036
-4579
1855
4881
-6311
-2880
-6556
-3192
9303
-6212
-4962
302
5837
-7349
7467
7275
-4720
4876
8333
595
7889
-2694
935
4505
-9463
-8300
3813
-5121
3111
2827
-9903
9747
-345
7564
-115
9116
-4563
-1391
8596
-7608
-8924
-1582
-424
-8461
-9461
-8308
199
-1407
-8928
-1984
-2742
-2698
49
-9804
9697
-9636
6199
8385
4515
6116
872
5245
-4834
-8507
8713
3234
856
-8249
6563
-8512
9809
1580
4386
-3143
-21
7214
-7307
-8712
6559
4547
7179
6113
7280
-5584
3195
-7364
3674
2943
-9780
-1939
9318
-7812
9592
-4103
-5493
-5639
7557
831
944
1441
119
9454
9658
-8694
6111
301
781
-8677
646
-682
4710
-9154
-7691
-9825
-9226
-4812
-5627
2804
-8231
5358
2842
8018
504
-9787
-7745
1333
-2013
-9289
-6016
-5162
1975
-522
-8903
-7561
-723
-6780
8958
805
5571
354
1286
6078
2438
1667
7766
4652
-7113
8020
-8904
-4712
-6121
-4242
8969
-625
7152
7928
-453
-3692
-1850
7322
-2157
1783
6912
-3940
-5269
-1794
-5524
-4425
388
8483
-6276
-9202
-400
7120
4511
2796
7615
5884
9521
5226
-7860
-4832
9503
1726
-402
6795
4370
-6291
-8107
9126
79
-8975
3714
-8812
340
-8433
9790
-1076
6852
125
6542
-6280
2147
-8324
3222
-8921
5046
9777
3867
5568
-9684
6814
3346
-2902
-8638
-338
-1755
3187
-2456
-8403
6521
-8039
-3736
-641
-1420
1536
-6041
2824
6885
2751
-100
4018
1165
-5623
-7990
2052
-8019
-7493
4868
1050
-3351
9208
6655
9246
8421
9387
4009
-815
-7633
9414
-8433
1313
9502
-3801
6459
-3793
4505
1217
-2929
-5629
1771
416
-9866
6693
-467
7999
491
-6444
-7543
9704
-6123
-3898
9381
-425
4631
-791
4741
3079
7442
-7472
9791
9004
5083
3276
-7192
-7237
2549
-7557
-3690
-5505
-7934
-5262
-6356
-3197
-6808
1772
-2622
9019
-2492
-2097
-2474
7547
-1590
-1390
8953
5163
3052
-7611
4149
6041
5717
8928
135
7850
9721
8627
-3640
-2554
-1588
-8419
4249
-7540
-5086
-2292
8446
7532
-5048
-6043
-5184
-9031
7462
-586
-9085
5330
-6397
4581
-9101
-6354
-3579
-2763
-1245
2040
565
-5979
1242
-1077
-5664
-5757
-4922
1247
4786
412
1681
8987
649
8591
7156
536
7649
922
5270
-6313
-4028
-7469
-3247
9589
757
-4497
9578
-9663
2928
3738
-8259
-5173
-10000
-5757
-9402
-8022
-5750
2765
-9065
5698
9124
4653
-2248
1688
-6139
-4511
-895
2653
-9021
207
9398
-4481
1618
4342
-5884
-8065
9698
-3516
-6661
1643
-2567
-2819
-6842
-2780
-8063
6218
1764
8258
5482
7608
-9996
3200
465
9593
-4934
-2124
4183
5572
267
-8800
-1773
1119
-5986
-9467
-7328
2097
-3413
-8107
6142
-597
4709
3520
9463
-3068
728
5181
-7200
-8849
5794
203
3993
2985
4512
2352
-704
5732
-7637
5520
6777
6343
-3438
-9440
7366
1616
-3977
-9281
8845
5729
-3201
4722
4060
-8955
5561
-5066
6191
198
5644
-3095
1141
-5768
-2331
-3842
9925
-1072
-115
-1713
-7590
-570
